           1           1           1
           1           2           2
           1           3           3
           1           4           4
           1           5           5
           1           6           6
           1           7           7
           1           8           8
           1           9           9
           1          10          10
           1          11          11
           1          12          12
           1          13          13
           1          14          14
           1          15          15
           1          16          16
           1          17          17
           1          18          18
           1          19          19
           1          20          20
           1          21          21
           1          22          22
           1          23          23
           1          24          24
           1          25          25
           1          26          26
           1          27          27
           1          28          28
           1          29          29
           1          30          30
           1          31          31
           1          32          32
           1          33          33
           1          34          34
           1          35          35
           1          36          36
           1          37          37
           1          38          38
           1          39          39
           1          40          40
           1          41          41
           1          42          42
           1          43          43
           1          44          44
           1          45          45
           1          46          46
           1          47          47
           1          48          48
           1          49          49
           1          50          50
           1          51          51
           1          52          52
           1          53          53
           1          54          54
           1          55          55
           1          56          56
           1          57          57
           1          58          58
           1          59          59
           1          60          60
           2           1           2
           2           2           3
           2           3           1
           2           4           5
           2           5           6
           2           6           4
           2           7           9
           2           8           7
           2           9           8
           2          10          12
           2          11          10
           2          12          11
           2          13          14
           2          14          15
           2          15          13
           2          16          17
           2          17          18
           2          18          16
           2          19          21
           2          20          19
           2          21          20
           2          22          24
           2          23          22
           2          24          23
           2          25          26
           2          26          27
           2          27          25
           2          28          29
           2          29          30
           2          30          28
           2          31          33
           2          32          31
           2          33          32
           2          34          36
           2          35          34
           2          36          35
           2          37          38
           2          38          39
           2          39          37
           2          40          41
           2          41          42
           2          42          40
           2          43          45
           2          44          43
           2          45          44
           2          46          48
           2          47          46
           2          48          47
           2          49          50
           2          50          51
           2          51          49
           2          52          53
           2          53          54
           2          54          52
           2          55          57
           2          56          55
           2          57          56
           2          58          60
           2          59          58
           2          60          59
           3           1           3
           3           2           1
           3           3           2
           3           4           6
           3           5           4
           3           6           5
           3           7           8
           3           8           9
           3           9           7
           3          10          11
           3          11          12
           3          12          10
           3          13          15
           3          14          13
           3          15          14
           3          16          18
           3          17          16
           3          18          17
           3          19          20
           3          20          21
           3          21          19
           3          22          23
           3          23          24
           3          24          22
           3          25          27
           3          26          25
           3          27          26
           3          28          30
           3          29          28
           3          30          29
           3          31          32
           3          32          33
           3          33          31
           3          34          35
           3          35          36
           3          36          34
           3          37          39
           3          38          37
           3          39          38
           3          40          42
           3          41          40
           3          42          41
           3          43          44
           3          44          45
           3          45          43
           3          46          47
           3          47          48
           3          48          46
           3          49          51
           3          50          49
           3          51          50
           3          52          54
           3          53          52
           3          54          53
           3          55          56
           3          56          57
           3          57          55
           3          58          59
           3          59          60
           3          60          58
           4           1           4
           4           2           5
           4           3           6
           4           4           1
           4           5           2
           4           6           3
           4           7          10
           4           8          11
           4           9          12
           4          10           7
           4          11           8
           4          12           9
           4          13          16
           4          14          17
           4          15          18
           4          16          13
           4          17          14
           4          18          15
           4          19          22
           4          20          23
           4          21          24
           4          22          19
           4          23          20
           4          24          21
           4          25          28
           4          26          29
           4          27          30
           4          28          25
           4          29          26
           4          30          27
           4          31          34
           4          32          35
           4          33          36
           4          34          31
           4          35          32
           4          36          33
           4          37          40
           4          38          41
           4          39          42
           4          40          37
           4          41          38
           4          42          39
           4          43          46
           4          44          47
           4          45          48
           4          46          43
           4          47          44
           4          48          45
           4          49          52
           4          50          53
           4          51          54
           4          52          49
           4          53          50
           4          54          51
           4          55          58
           4          56          59
           4          57          60
           4          58          55
           4          59          56
           4          60          57
           5           1           5
           5           2           6
           5           3           4
           5           4           2
           5           5           3
           5           6           1
           5           7          12
           5           8          10
           5           9          11
           5          10           9
           5          11           7
           5          12           8
           5          13          17
           5          14          18
           5          15          16
           5          16          14
           5          17          15
           5          18          13
           5          19          24
           5          20          22
           5          21          23
           5          22          21
           5          23          19
           5          24          20
           5          25          29
           5          26          30
           5          27          28
           5          28          26
           5          29          27
           5          30          25
           5          31          36
           5          32          34
           5          33          35
           5          34          33
           5          35          31
           5          36          32
           5          37          41
           5          38          42
           5          39          40
           5          40          38
           5          41          39
           5          42          37
           5          43          48
           5          44          46
           5          45          47
           5          46          45
           5          47          43
           5          48          44
           5          49          53
           5          50          54
           5          51          52
           5          52          50
           5          53          51
           5          54          49
           5          55          60
           5          56          58
           5          57          59
           5          58          57
           5          59          55
           5          60          56
           6           1           6
           6           2           4
           6           3           5
           6           4           3
           6           5           1
           6           6           2
           6           7          11
           6           8          12
           6           9          10
           6          10           8
           6          11           9
           6          12           7
           6          13          18
           6          14          16
           6          15          17
           6          16          15
           6          17          13
           6          18          14
           6          19          23
           6          20          24
           6          21          22
           6          22          20
           6          23          21
           6          24          19
           6          25          30
           6          26          28
           6          27          29
           6          28          27
           6          29          25
           6          30          26
           6          31          35
           6          32          36
           6          33          34
           6          34          32
           6          35          33
           6          36          31
           6          37          42
           6          38          40
           6          39          41
           6          40          39
           6          41          37
           6          42          38
           6          43          47
           6          44          48
           6          45          46
           6          46          44
           6          47          45
           6          48          43
           6          49          54
           6          50          52
           6          51          53
           6          52          51
           6          53          49
           6          54          50
           6          55          59
           6          56          60
           6          57          58
           6          58          56
           6          59          57
           6          60          55
           7           1           7
           7           2           8
           7           3           9
           7           4          10
           7           5          11
           7           6          12
           7           7           1
           7           8           2
           7           9           3
           7          10           4
           7          11           5
           7          12           6
           7          13          19
           7          14          20
           7          15          21
           7          16          22
           7          17          23
           7          18          24
           7          19          13
           7          20          14
           7          21          15
           7          22          16
           7          23          17
           7          24          18
           7          25          31
           7          26          32
           7          27          33
           7          28          34
           7          29          35
           7          30          36
           7          31          25
           7          32          26
           7          33          27
           7          34          28
           7          35          29
           7          36          30
           7          37          43
           7          38          44
           7          39          45
           7          40          46
           7          41          47
           7          42          48
           7          43          37
           7          44          38
           7          45          39
           7          46          40
           7          47          41
           7          48          42
           7          49          55
           7          50          56
           7          51          57
           7          52          58
           7          53          59
           7          54          60
           7          55          49
           7          56          50
           7          57          51
           7          58          52
           7          59          53
           7          60          54
           8           1           8
           8           2           9
           8           3           7
           8           4          11
           8           5          12
           8           6          10
           8           7           3
           8           8           1
           8           9           2
           8          10           6
           8          11           4
           8          12           5
           8          13          20
           8          14          21
           8          15          19
           8          16          23
           8          17          24
           8          18          22
           8          19          15
           8          20          13
           8          21          14
           8          22          18
           8          23          16
           8          24          17
           8          25          32
           8          26          33
           8          27          31
           8          28          35
           8          29          36
           8          30          34
           8          31          27
           8          32          25
           8          33          26
           8          34          30
           8          35          28
           8          36          29
           8          37          44
           8          38          45
           8          39          43
           8          40          47
           8          41          48
           8          42          46
           8          43          39
           8          44          37
           8          45          38
           8          46          42
           8          47          40
           8          48          41
           8          49          56
           8          50          57
           8          51          55
           8          52          59
           8          53          60
           8          54          58
           8          55          51
           8          56          49
           8          57          50
           8          58          54
           8          59          52
           8          60          53
           9           1           9
           9           2           7
           9           3           8
           9           4          12
           9           5          10
           9           6          11
           9           7           2
           9           8           3
           9           9           1
           9          10           5
           9          11           6
           9          12           4
           9          13          21
           9          14          19
           9          15          20
           9          16          24
           9          17          22
           9          18          23
           9          19          14
           9          20          15
           9          21          13
           9          22          17
           9          23          18
           9          24          16
           9          25          33
           9          26          31
           9          27          32
           9          28          36
           9          29          34
           9          30          35
           9          31          26
           9          32          27
           9          33          25
           9          34          29
           9          35          30
           9          36          28
           9          37          45
           9          38          43
           9          39          44
           9          40          48
           9          41          46
           9          42          47
           9          43          38
           9          44          39
           9          45          37
           9          46          41
           9          47          42
           9          48          40
           9          49          57
           9          50          55
           9          51          56
           9          52          60
           9          53          58
           9          54          59
           9          55          50
           9          56          51
           9          57          49
           9          58          53
           9          59          54
           9          60          52
          10           1          10
          10           2          11
          10           3          12
          10           4           7
          10           5           8
          10           6           9
          10           7           4
          10           8           5
          10           9           6
          10          10           1
          10          11           2
          10          12           3
          10          13          22
          10          14          23
          10          15          24
          10          16          19
          10          17          20
          10          18          21
          10          19          16
          10          20          17
          10          21          18
          10          22          13
          10          23          14
          10          24          15
          10          25          34
          10          26          35
          10          27          36
          10          28          31
          10          29          32
          10          30          33
          10          31          28
          10          32          29
          10          33          30
          10          34          25
          10          35          26
          10          36          27
          10          37          46
          10          38          47
          10          39          48
          10          40          43
          10          41          44
          10          42          45
          10          43          40
          10          44          41
          10          45          42
          10          46          37
          10          47          38
          10          48          39
          10          49          58
          10          50          59
          10          51          60
          10          52          55
          10          53          56
          10          54          57
          10          55          52
          10          56          53
          10          57          54
          10          58          49
          10          59          50
          10          60          51
          11           1          11
          11           2          12
          11           3          10
          11           4           8
          11           5           9
          11           6           7
          11           7           6
          11           8           4
          11           9           5
          11          10           3
          11          11           1
          11          12           2
          11          13          23
          11          14          24
          11          15          22
          11          16          20
          11          17          21
          11          18          19
          11          19          18
          11          20          16
          11          21          17
          11          22          15
          11          23          13
          11          24          14
          11          25          35
          11          26          36
          11          27          34
          11          28          32
          11          29          33
          11          30          31
          11          31          30
          11          32          28
          11          33          29
          11          34          27
          11          35          25
          11          36          26
          11          37          47
          11          38          48
          11          39          46
          11          40          44
          11          41          45
          11          42          43
          11          43          42
          11          44          40
          11          45          41
          11          46          39
          11          47          37
          11          48          38
          11          49          59
          11          50          60
          11          51          58
          11          52          56
          11          53          57
          11          54          55
          11          55          54
          11          56          52
          11          57          53
          11          58          51
          11          59          49
          11          60          50
          12           1          12
          12           2          10
          12           3          11
          12           4           9
          12           5           7
          12           6           8
          12           7           5
          12           8           6
          12           9           4
          12          10           2
          12          11           3
          12          12           1
          12          13          24
          12          14          22
          12          15          23
          12          16          21
          12          17          19
          12          18          20
          12          19          17
          12          20          18
          12          21          16
          12          22          14
          12          23          15
          12          24          13
          12          25          36
          12          26          34
          12          27          35
          12          28          33
          12          29          31
          12          30          32
          12          31          29
          12          32          30
          12          33          28
          12          34          26
          12          35          27
          12          36          25
          12          37          48
          12          38          46
          12          39          47
          12          40          45
          12          41          43
          12          42          44
          12          43          41
          12          44          42
          12          45          40
          12          46          38
          12          47          39
          12          48          37
          12          49          60
          12          50          58
          12          51          59
          12          52          57
          12          53          55
          12          54          56
          12          55          53
          12          56          54
          12          57          52
          12          58          50
          12          59          51
          12          60          49
