           1  -7739.88867       4.38274787E-04  -7740.76514    
           2  -7733.49365       7.55627523E-04  -7735.00488    
           3  -7727.69922       1.02640409E-03  -7729.75195    
           4  -7719.16211       1.26638717E-03  -7721.69482    
           5  -7712.03223       1.48305786E-03  -7714.99854    
           6  -7705.04492       1.68081035E-03  -7708.40674    
           7  -7703.38135       1.86253723E-03  -7707.10645    
           8  -7696.37598       2.03028577E-03  -7700.43652    
           9  -7689.71582       2.18557660E-03  -7694.08691    
          10  -7682.76025       2.32958351E-03  -7687.41943    
          11  -7676.04102       2.46323482E-03  -7680.96729    
          12  -7669.10498       2.58728256E-03  -7674.27979    
          13  -7662.20703       2.70234584E-03  -7667.61182    
          14  -7655.33496       2.80893990E-03  -7660.95264    
          15  -7648.45068       2.90749990E-03  -7654.26562    
          16  -7641.28174       2.99839559E-03  -7647.27832    
          17  -7634.20605       3.08194337E-03  -7640.37012    
          18  -7627.24316       3.15841543E-03  -7633.56006    
          19  -7620.31348       3.22804460E-03  -7626.76953    
          20  -7613.13184       3.29103554E-03  -7619.71387    
          21  -7606.08691       3.34756053E-03  -7612.78223    
          22  -7599.07520       3.39777116E-03  -7605.87061    
          23  -7592.17334       3.44179524E-03  -7599.05713    
          24  -7585.19824       3.47974221E-03  -7592.15771    
          25  -7577.99414       3.51170357E-03  -7585.01758    
          26  -7570.59277       3.53775453E-03  -7577.66846    
          27  -7563.59766       3.55795561E-03  -7570.71338    
          28  -7556.55566       3.57235270E-03  -7563.70020    
          29  -7549.24121       3.58097814E-03  -7556.40332    
          30  -7542.29883       3.58385104E-03  -7549.46631    
          31  -7534.97900       3.58097814E-03  -7542.14111    
          32  -7527.88770       3.57235246E-03  -7535.03223    
          33  -7520.73535       3.55795561E-03  -7527.85107    
          34  -7513.49951       3.53775453E-03  -7520.57520    
          35  -7506.57910       3.51170357E-03  -7513.60254    
          36  -7499.23877       3.47974221E-03  -7506.19824    
          37  -7492.11279       3.44179524E-03  -7498.99658    
          38  -7484.84863       3.39777116E-03  -7491.64404    
          39  -7477.66113       3.34756053E-03  -7484.35645    
          40  -7470.36621       3.29103507E-03  -7476.94824    
          41  -7463.20801       3.22804460E-03  -7469.66406    
          42  -7455.98096       3.15841543E-03  -7462.29785    
          43  -7448.70557       3.08194384E-03  -7454.86963    
          44  -7441.42139       2.99839559E-03  -7447.41797    
          45  -7434.30713       2.90749990E-03  -7440.12207    
          46  -7427.24805       2.80894013E-03  -7432.86572    
          47  -7419.90430       2.70234561E-03  -7425.30908    
