1  29.416184
1  29.416186
1  29.416189
1  29.416192
2  29.476766
2  29.476766
2  29.476767
2  29.476767
3  29.486420
3  29.486428
3  29.500452
3  29.511684
4  29.457364
4  29.512987
4  29.512990
4  29.512994
5  29.503880
5  29.509899
5  29.534806
5  29.545508
6  29.534138
6  29.555244
6  29.555254
6  29.555265
7  29.517982
7  29.517982
7  29.546133
7  29.546133
8  29.567842
8  29.589467
8  29.616533
8  29.655328
9  29.581444
9  29.593892
9  29.601126
9  29.604942
10  29.623287
10  29.642402
10  29.660744
10  29.691653
11  29.657178
11  29.658814
11  29.680899
11  29.716408
12  29.678782
12  29.718139
12  29.735837
12  29.737048
13  29.694720
13  29.702065
13  29.724282
13  29.771137
14  29.735038
14  29.737597
14  29.759849
14  29.790772
15  29.674928
15  29.732460
15  29.816688
15  29.821774
16  29.696085
16  29.824215
16  29.827665
16  29.842952
17  29.826506
17  29.857950
17  29.885326
17  29.915179
18  29.781318
18  29.853214
18  29.860771
18  29.917131
19  29.762463
19  29.820054
19  29.823348
19  29.885571
20  29.821336
20  29.831799
20  29.943313
20  29.943313
21  29.875371
21  29.903544
21  29.904700
21  29.972387
22  29.829274
22  29.886713
22  29.925805
22  29.964731
23  29.845407
23  29.886538
23  29.893243
23  29.946596
24  29.839397
24  29.879883
24  29.937711
24  29.968274
25  29.902457
25  29.917023
25  29.947046
25  29.950101
26  29.932987
26  29.966567
26  30.018332
26  30.054008
27  29.929009
27  29.970350
27  30.004076
27  30.010700
28  29.921829
28  29.936492
28  30.024584
28  30.067810
29  29.980659
29  30.029491
29  30.050407
29  30.109911
30  29.988538
30  29.999395
30  30.041415
30  30.045283
31  29.979341
31  30.060830
31  30.095681
31  30.102239
32  30.016234
32  30.024651
32  30.096179
32  30.100069
33  30.036211
33  30.053360
33  30.108596
33  30.111482
34  30.095917
34  30.099578
34  30.122778
34  30.133224
35  30.024278
35  30.044758
35  30.075963
35  30.075963
36  30.081631
36  30.089899
36  30.139847
36  30.152123
37  30.091613
37  30.121399
37  30.132346
37  30.145074
38  30.118890
38  30.129376
38  30.129848
38  30.139309
39  30.071479
39  30.121152
39  30.137654
39  30.178928
40  30.107978
40  30.175264
40  30.176329
40  30.196027
41  30.061207
41  30.085728
41  30.165053
41  30.172153
42  30.080345
42  30.124921
42  30.166690
42  30.223599
43  30.090287
43  30.117489
43  30.181245
43  30.212700
44  30.166853
44  30.216249
44  30.216249
44  30.243756
45  30.130816
45  30.140796
45  30.142267
45  30.260441
46  30.121745
46  30.121745
46  30.121745
46  30.247671
47  30.192308
47  30.240639
47  30.240639
47  30.240837
48  30.193604
48  30.193613
48  30.236501
48  30.262031
49  30.307984
49  30.307984
49  30.307984
49  30.307984
50  30.308721
50  30.342042
50  30.360169
50  30.379702
51  30.310516
51  30.349340
51  30.355868
51  30.421748
52  30.335776
52  30.335776
52  30.379038
52  30.414927
53  30.352890
53  30.445986
53  30.450221
53  30.494483
54  30.368681
54  30.393164
54  30.394663
54  30.442715
55  30.521923
55  30.521923
55  30.521923
55  30.632320
56  30.524486
56  30.530264
56  30.530264
56  30.567163
57  30.552112
57  30.552112
58  30.506010
58  30.572719
58  30.599470
58  30.602667
59  30.536506
59  30.536507
59  30.536507
59  30.536507
