1  11.929360
1  11.934129
1  11.934129
1  12.000000
2  11.899583
2  11.899583
2  11.972450
2  11.972450
3  11.959290
3  11.959324
3  11.988054
3  11.990856
4  11.950571
4  11.958257
4  11.958260
4  11.958260
5  11.943068
5  11.951247
5  11.953837
5  12.014731
6  11.962932
6  11.967037
6  12.010967
6  12.010986
7  12.030082
7  12.030082
7  12.052870
7  12.052870
8  12.009460
8  12.051526
8  12.053465
8  12.060092
9  12.030623
9  12.044397
9  12.051828
9  12.052591
10  12.067170
10  12.072877
10  12.074133
10  12.088517
11  12.064705
11  12.068685
11  12.074732
11  12.093776
12  12.077078
12  12.082979
12  12.091755
12  12.094699
13  12.067587
13  12.081698
13  12.088597
13  12.093924
14  12.073039
14  12.089304
14  12.091600
14  12.103679
15  12.082130
15  12.097389
15  12.101568
15  12.103569
16  12.085367
16  12.092084
16  12.102458
16  12.135179
17  12.100573
17  12.108637
17  12.110032
17  12.121803
18  12.112781
18  12.117825
18  12.125365
18  12.146132
19  12.123896
19  12.130564
19  12.132438
19  12.141921
20  12.096250
20  12.120650
20  12.152912
20  12.152912
21  12.148588
21  12.164294
21  12.174315
21  12.186297
22  12.121720
22  12.127455
22  12.139636
22  12.172273
23  12.141921
23  12.151231
23  12.155248
23  12.164027
24  12.134389
24  12.179239
24  12.186647
24  12.187171
25  12.176192
25  12.181666
25  12.190171
25  12.197525
26  12.175530
26  12.189868
26  12.193349
26  12.194665
27  12.171563
27  12.191630
27  12.209970
27  12.210538
28  12.167268
28  12.191038
28  12.205243
28  12.218402
29  12.191747
29  12.191801
29  12.210734
29  12.233961
30  12.210187
30  12.214029
30  12.225124
30  12.236333
31  12.215241
31  12.223519
31  12.227376
31  12.230971
32  12.194289
32  12.224305
32  12.242676
32  12.242949
33  12.206952
33  12.219398
33  12.225735
33  12.245681
34  12.232210
34  12.246384
34  12.249074
34  12.263535
35  12.227679
35  12.227679
35  12.235669
35  12.281341
36  12.262513
36  12.278220
36  12.278929
36  12.297902
37  12.264399
37  12.265804
37  12.275998
37  12.294678
38  12.267067
38  12.273052
38  12.287978
38  12.293584
39  12.275158
39  12.275856
39  12.289863
39  12.305683
40  12.285344
40  12.312732
40  12.320771
40  12.337629
41  12.314525
41  12.321022
41  12.321167
41  12.331048
42  12.305927
42  12.328834
42  12.336645
42  12.340193
43  12.324460
43  12.326477
43  12.329766
43  12.337159
44  12.309056
44  12.309056
44  12.331749
44  12.354153
45  12.311578
45  12.338938
45  12.375227
45  12.393310
46  12.333690
46  12.373827
46  12.373827
46  12.373827
47  12.389794
47  12.389794
47  12.409602
47  12.413567
48  12.369322
48  12.387229
48  12.390321
48  12.425424
49  12.361114
49  12.361114
49  12.361114
49  12.361114
50  12.408861
50  12.414909
50  12.467417
50  12.470602
51  12.417435
51  12.462228
51  12.467184
51  12.490563
52  12.469839
52  12.469839
52  12.473706
52  12.494275
53  12.457117
53  12.494514
53  12.498837
53  12.499812
54  12.472575
54  12.505276
54  12.507634
54  12.521356
55  12.496986
55  12.496986
55  12.496986
55  12.538035
56  12.536667
56  12.536667
56  12.560322
56  12.566477
57  12.548529
57  12.548529
58  12.546600
58  12.557117
58  12.592231
58  12.607860
59  12.606768
59  12.606768
59  12.606768
59  12.627049
