1  11.929359
1  11.929359
1  11.929359
1  11.999999
2  11.972451
2  11.972451
2  11.996733
2  11.996733
3  11.959299
3  11.959550
3  11.971646
3  11.988055
4  11.937167
4  11.937168
4  11.947025
4  12.015070
5  11.958025
5  11.974733
5  11.976905
5  11.978696
6  11.955423
6  11.967031
6  11.972232
6  12.010982
7  12.040058
7  12.040058
7  12.040095
7  12.040095
8  12.025889
8  12.043125
8  12.048607
8  12.060519
9  12.049828
9  12.050957
9  12.055060
9  12.083080
10  12.037973
10  12.051064
10  12.059200
10  12.069883
11  12.030752
11  12.071602
11  12.072685
11  12.087370
12  12.065127
12  12.076604
12  12.077392
12  12.083642
13  12.057877
13  12.072444
13  12.076928
13  12.090182
14  12.072106
14  12.090590
14  12.093105
14  12.107253
15  12.096483
15  12.109546
15  12.111329
15  12.122258
16  12.090232
16  12.107037
16  12.120614
16  12.127003
17  12.098898
17  12.111167
17  12.128741
17  12.142910
18  12.112029
18  12.117641
18  12.132348
18  12.140508
19  12.114134
19  12.121496
19  12.126130
19  12.140839
20  12.101107
20  12.132677
20  12.167125
20  12.167125
21  12.144564
21  12.158369
21  12.176883
21  12.200847
22  12.127093
22  12.133605
22  12.156137
22  12.191091
23  12.120713
23  12.160367
23  12.161899
23  12.170692
24  12.139761
24  12.180040
24  12.181447
24  12.181753
25  12.178347
25  12.181057
25  12.183106
25  12.195620
26  12.185059
26  12.194514
26  12.202141
26  12.205691
27  12.212216
27  12.216947
27  12.217911
27  12.260076
28  12.187838
28  12.212607
28  12.219820
28  12.239639
29  12.200422
29  12.215627
29  12.223850
29  12.234244
30  12.210657
30  12.215526
30  12.215833
30  12.230659
31  12.224892
31  12.234759
31  12.250464
31  12.256373
32  12.224117
32  12.225248
32  12.247489
32  12.254386
33  12.246028
33  12.247860
33  12.249352
33  12.252659
34  12.242543
34  12.243095
34  12.243815
34  12.265346
35  12.249882
35  12.249882
35  12.250700
35  12.256310
36  12.260207
36  12.283190
36  12.283578
36  12.297567
37  12.260599
37  12.268291
37  12.269717
37  12.296633
38  12.303819
38  12.306964
38  12.307252
38  12.309851
39  12.295399
39  12.312557
39  12.315215
39  12.322319
40  12.301212
40  12.303392
40  12.316077
40  12.346444
41  12.296189
41  12.309950
41  12.312163
41  12.316189
42  12.300201
42  12.329189
42  12.343684
42  12.354029
43  12.324715
43  12.326068
43  12.338814
43  12.351934
44  12.346131
44  12.346131
44  12.348362
44  12.373234
45  12.334216
45  12.356609
45  12.377889
45  12.400960
46  12.390363
46  12.390363
46  12.390363
46  12.424691
47  12.367125
47  12.367125
47  12.371614
47  12.430894
48  12.404719
48  12.412051
48  12.430094
48  12.430095
49  12.432055
49  12.432055
49  12.432055
49  12.432055
50  12.410013
50  12.429313
50  12.432415
50  12.443999
51  12.439716
51  12.446347
51  12.494700
51  12.494905
52  12.443733
52  12.488854
52  12.514790
52  12.514790
53  12.489799
53  12.490340
53  12.495235
53  12.513881
54  12.514197
54  12.521960
54  12.532587
54  12.537823
55  12.508736
55  12.539564
55  12.539564
55  12.539564
56  12.494946
56  12.561690
56  12.561690
56  12.564210
57  12.555747
57  12.555747
58  12.573744
58  12.602885
58  12.603825
58  12.634275
59  12.606851
59  12.606851
59  12.606851
59  12.606851
