1  11.929359
1  11.934132
1  12.000000
1  12.000000
2  11.972451
2  11.972451
2  11.996733
2  11.996733
3  11.935149
3  11.988058
3  11.988058
3  11.990854
4  11.942340
4  11.949103
4  11.950247
4  12.023667
5  12.040795
5  12.040795
5  12.040795
5  12.040795
6  12.023036
6  12.025277
6  12.031281
6  12.031281
7  12.024193
7  12.045372
7  12.052869
7  12.052869
8  12.026973
8  12.026975
8  12.032039
8  12.052695
9  12.032669
9  12.034559
9  12.043337
9  12.051830
10  12.053011
10  12.057073
10  12.061197
10  12.061197
11  12.049474
11  12.053945
11  12.070784
11  12.076625
12  12.061009
12  12.064579
12  12.074079
12  12.076989
13  12.072902
13  12.083407
13  12.099220
13  12.101686
14  11.978946
14  12.110654
14  12.112376
14  12.121454
15  12.008951
15  12.042881
15  12.043992
15  12.046560
16  12.048604
16  12.088148
16  12.105331
16  12.112643
17  12.056717
17  12.080723
17  12.098721
17  12.101215
18  12.015362
18  12.051059
18  12.057392
18  12.141326
19  12.030388
19  12.060857
19  12.078502
19  12.090876
20  12.065688
20  12.097873
20  12.104705
20  12.119211
21  12.096252
21  12.096969
21  12.100925
21  12.109490
22  12.082046
22  12.102103
22  12.123629
22  12.176591
23  12.137867
23  12.139129
23  12.140401
23  12.178494
24  12.115525
24  12.125833
24  12.146130
24  12.185266
25  12.064864
25  12.089554
25  12.120906
25  12.127665
26  12.078183
26  12.111929
26  12.125980
26  12.185863
27  12.091444
27  12.109004
27  12.131785
27  12.238552
28  12.150076
28  12.184885
28  12.217021
28  12.244500
29  12.117826
29  12.179127
29  12.204180
29  12.225200
30  12.128907
30  12.145666
30  12.168591
30  12.183792
31  12.168980
31  12.194718
31  12.222655
31  12.336211
32  12.185274
32  12.193131
32  12.260472
32  12.346933
33  12.144297
33  12.176721
33  12.211975
33  12.236937
