10  -7683 7603573
10  -7682 7360069
10  -7682 9091612
10  -7683 7603573
11  -7675 9286213
11  -7676 2619248
11  -7675 7078515
11  -7675 8358268
1  -7739 8855592
12  -7669 1107412
12  -7669 1954410
12  -7669 6632473
12  -7668 6339959
1  -7739 8855592
13  -7662 3192413
13  -7662 0518119
13  -7662 3192411
13  -7662 3993977
1  -7739 8855591
14  -7654 4132205
14  -7654 1287355
14  -7654 0906549
14  -7654 0287678
1  -7739 8855592
15  -7641 1721903
15  -7641 5987801
15  -7641 1282719
15  -7641 0150820
16  -7634 4489619
16  -7634 3562529
16  -7634 8808451
16  -7634 5263019
17  -7626 7433431
17  -7626 4169942
17  -7627 5919267
17  -7627 4639734
18  -7620 5306932
18  -7620 4459191
18  -7620 0673359
18  -7620 0643410
19  -7613 1937752
19  -7613 7496806
19  -7612 6624574
19  -7613 5957683
20  -7605 5786990
20  -7606 1204511
20  -7606 3930478
20  -7606 0508459
21  -7598 7205005
21  -7598 7205003
21  -7599 2036802
21  -7598 7205006
2  -7733 9387793
22  -7592 4669839
22  -7593 8818038
22  -7592 4138742
22  -7593 0541398
2  -7733 9387793
23  -7585 0706719
23  -7584 6839519
23  -7584 1800457
23  -7584 5474579
2  -7733 9387793
24  -7577 0792480
24  -7577 0502866
24  -7578 4804023
24  -7577 0051107
2  -7733 9387793
25  -7571 7884451
25  -7570 2861691
25  -7572 5428526
25  -7570 2861687
26  -7563 7014312
26  -7564 6663192
26  -7564 6559920
26  -7564 5969641
27  -7557 3446208
27  -7556 7163040
27  -7556 3562478
27  -7557 2218249
28  -7550 0373244
28  -7549 5750474
28  -7549 7399156
28  -7550 9290270
29  -7542 8256062
29  -7543 2188007
29  -7542 8582889
29  -7543 4731316
30  -7536 9927831
30  -7535 8105263
30  -7536 3452842
30  -7536 6403255
31  -7528 8693866
31  -7528 5776067
31  -7528 4692449
31  -7528 7343722
3  -7727 1498822
32  -7521 7208273
32  -7521 2256698
32  -7521 8917501
32  -7521 0217125
3  -7727 4917565
33  -7517 7240359
33  -7516 6255047
33  -7516 5848409
33  -7517 1766299
3  -7727 6173092
3  -7727 4917565
4  -7719 4830378
4  -7719 4830379
4  -7719 4830379
4  -7719 6793729
5  -7716 0781804
5  -7716 0781804
5  -7716 0781804
5  -7716 0781804
6  -7710 4572593
6  -7710 1099323
6  -7710 4674654
6  -7710 4674654
7  -7703 9805767
7  -7703 7519179
7  -7703 9805767
7  -7703 3324316
8  -7696 3987041
8  -7696 6209796
8  -7696 3998907
8  -7696 3998905
9  -7689 8164829
9  -7689 7708886
9  -7689 7708888
9  -7689 7359219
