1 4.38274787E-04
2 7.55627523E-04
3 1.02640409E-03
4 1.26638717E-03
5 1.48305786E-03
6 1.68081035E-03
7 1.86253723E-03
8 2.03028577E-03
9 2.18557660E-03
10 2.32958351E-03
11 2.46323482E-03
12 2.58728256E-03
13 2.70234584E-03
14 2.80893990E-03
15 2.90749990E-03
16 2.99839559E-03
17 3.08194337E-03
18 3.15841543E-03
19 3.22804460E-03
20 3.29103554E-03
21 3.34756053E-03
22 3.39777116E-03
23 3.44179524E-03
24 3.47974221E-03
25 3.51170357E-03
26 3.53775453E-03
27 3.55795561E-03
28 3.57235270E-03
29 3.58097814E-03
30 3.58385104E-03
31 3.58097814E-03
32 3.57235246E-03
33 3.55795561E-03
34 3.53775453E-03
35 3.51170357E-03
36 3.47974221E-03
37 3.44179524E-03
38 3.39777116E-03
39 3.34756053E-03
40 3.29103507E-03
41 3.22804460E-03
42 3.15841543E-03
43 3.08194384E-03
44 2.99839559E-03
45 2.90749990E-03
46 2.80894013E-03
47 2.70234561E-03
48 2.58728256E-03
49 2.46323482E-03
50 2.32958351E-03
51 2.18557660E-03
52 2.03028554E-03
53 1.86253758E-03
54 1.68081047E-03
55 1.48305763E-03
56 1.26638717E-03
57 1.02640421E-03
58 7.55627872E-04
59 4.38274496E-04
