1  11.929355
1  11.929359
1  11.934129
1  11.934129
2  11.972450
2  11.972450
2  11.996734
2  11.996734
3  11.959548
3  11.962858
3  11.980196
3  11.980196
4  11.942339
4  11.942342
4  11.950247
4  11.950681
5  11.965904
5  11.965904
5  11.965904
5  11.965904
6  12.025045
6  12.031280
6  12.031280
6  12.045890
7  12.032800
7  12.040097
7  12.040097
7  12.041997
8  12.035081
8  12.035732
8  12.041315
8  12.045064
9  12.052879
9  12.052881
9  12.074826
9  12.077160
10  12.062817
10  12.071139
10  12.078038
10  12.078038
11  12.058790
11  12.064005
11  12.064518
11  12.095746
12  12.068000
12  12.069158
12  12.074080
12  12.082670
13  12.083804
13  12.091439
13  12.095458
13  12.101694
14  12.060585
14  12.070860
14  12.113872
14  12.126626
15  12.003789
15  12.051626
15  12.055998
15  12.095943
16  12.024133
16  12.045050
16  12.065655
16  12.080308
17  12.037412
17  12.069040
17  12.078180
17  12.079786
18  12.020130
18  12.064934
18  12.067231
18  12.071851
19  12.031290
19  12.052582
19  12.063972
19  12.074246
20  12.041559
20  12.073724
20  12.114694
20  12.162423
21  12.096255
21  12.100941
21  12.101547
21  12.109481
22  12.055202
22  12.113759
22  12.114279
22  12.166463
23  12.109114
23  12.112321
23  12.130134
23  12.142961
24  12.098674
24  12.099261
24  12.161763
24  12.172276
25  12.091553
25  12.120906
25  12.127660
25  12.147354
26  12.066843
26  12.067031
26  12.122833
26  12.157461
27  12.092200
27  12.100128
27  12.127556
27  12.152847
28  12.146661
28  12.160473
28  12.193271
28  12.204864
29  12.134515
29  12.152892
29  12.180943
29  12.246761
30  12.089369
30  12.132790
30  12.198420
30  12.201681
31  12.145779
31  12.188848
31  12.219627
31  12.297759
32  12.116453
32  12.202184
32  12.248778
32  12.306560
33  12.207707
33  12.224333
33  12.239925
33  12.250202
