1  29.416186
1  29.416187
1  29.416192
1  29.416214
2  29.476763
2  29.476763
2  29.476766
2  29.476766
3  29.486410
3  29.486414
3  29.486864
3  29.500459
4  29.500196
4  29.500198
4  29.500216
4  29.525264
5  29.472672
5  29.472672
5  29.472672
5  29.472672
6  29.485252
6  29.487726
6  29.487726
6  29.509256
7  29.507215
7  29.526072
7  29.546133
7  29.546133
8  29.541848
8  29.544547
8  29.544552
8  29.563680
9  29.579605
9  29.579612
9  29.591444
9  29.601130
10  29.619557
10  29.620328
10  29.640261
10  29.640261
11  29.629979
11  29.639303
11  29.659654
11  29.669413
12  29.671022
12  29.681168
12  29.695277
12  29.698503
13  29.730589
13  29.730615
13  29.741176
13  29.748695
14  29.612161
14  29.644394
14  29.659006
14  29.702645
15  29.816641
15  29.831878
15  29.869448
15  30.001140
16  29.821698
16  29.849018
16  29.851278
16  29.902824
17  29.881842
17  29.973336
17  29.981070
17  29.982825
18  29.910804
18  29.926862
18  30.009280
18  30.039322
19  30.013594
19  30.019580
19  30.045110
19  30.131779
20  29.964124
20  29.986348
20  29.990677
20  30.044648
21  30.021088
21  30.074988
21  30.074996
21  30.075004
22  30.053320
22  30.064157
22  30.081272
22  30.174158
23  30.037893
23  30.054460
23  30.083625
23  30.167781
24  30.083145
24  30.101647
24  30.135354
24  30.156077
25  30.053791
25  30.065774
25  30.065789
25  30.188938
26  30.009141
26  30.098563
26  30.112330
26  30.181159
27  30.092367
27  30.120966
27  30.214553
27  30.219408
28  30.119260
28  30.140394
28  30.249554
28  30.296215
29  30.148352
29  30.183304
29  30.259168
29  30.265993
30  30.096022
30  30.191120
30  30.249400
30  30.258611
31  30.141817
31  30.175745
31  30.234638
31  30.284787
32  30.094066
32  30.169749
32  30.283361
32  30.315240
33  30.158748
33  30.204414
33  30.209095
33  30.372052
