           1   11.9293604      -7739.88867    
           2   11.9871979      -7732.16064    
           3   11.9962473      -7725.19336    
           4   11.9299765      -7720.16846    
           5   12.0518599      -7715.00537    
           6   12.0999308      -7708.12012    
           7   11.9341040      -7701.09424    
           8   12.0918818      -7695.00049    
           9   12.0658836      -7688.90137    
          10   12.0434713      -7682.07031    
          11   12.0923634      -7675.28564    
          12   12.1246967      -7668.62598    
          13   12.1478443      -7661.25684    
          14   12.1480427      -7654.85547    
          15   12.1289444      -7647.49658    
          16   12.1822376      -7640.98145    
          17   12.2159805      -7634.04834    
          18   12.1717472      -7627.20898    
          19   12.1818409      -7620.35889    
          20   12.1917858      -7613.26660    
          21   12.1874266      -7605.75830    
          22   12.2243023      -7599.26074    
          23   12.2823191      -7592.09326    
          24   12.2454348      -7584.94775    
          25   12.1738863      -7578.46533    
          26   12.2268724      -7571.21729    
          27   12.2813339      -7564.59180    
          28   12.2741184      -7557.30518    
          29   12.2986403      -7550.28369    
          30   12.2545147      -7543.25635    
          31   12.1816568      -7536.11670    
          32   12.3367100      -7529.01172    
          33   12.3824244      -7521.74316    
          34   12.3895960      -7514.74023    
          35   12.3627930      -7507.38916    
          36   12.3703308      -7500.43896    
          37   12.3896523      -7493.04980    
          38   12.4089298      -7485.70947    
          39   12.4075289      -7478.76074    
          40   12.4109612      -7471.78320    
          41   12.3892241      -7464.21240    
          42   12.3704987      -7456.91602    
          43   12.4160833      -7449.48291    
          44   12.4826937      -7442.19580    
          45   12.4336014      -7434.99902    
          46   12.4468088      -7427.92969    
          47   12.4237022      -7420.43506    
          48   12.4773846      -7413.19873    
          49   12.5256042      -7405.71875    
          50   12.5432253      -7398.54834    
          51   12.5360670      -7391.25146    
          52   12.5016041      -7383.80322    
          53   12.5249166      -7376.49512    
          54   12.5611782      -7369.10156    
          55   12.5759916      -7361.70166    
          56   12.5952654      -7354.48828    
          57   12.6112223      -7346.97412    
          58   12.6042881      -7339.68066    
          59   12.6216002      -7332.39697
