0 -7745.93178974
1 -7739.02811158
1 -7739.02811159
1 -7739.02811159
1 -7739.88855592
2 -7732.13444349
2 -7732.13444349
2 -7732.13444349
2 -7732.16066356
3 -7725.19356321
3 -7725.19356321
3 -7725.19356327
3 -7725.19356327
4 -7719.52780425
4 -7719.52780425
4 -7719.79835498
4 -7720.16841790
5 -7714.83967112
5 -7715.00519092
5 -7715.00519093
5 -7715.00519094
6 -7707.23687447
6 -7708.02819287
6 -7708.02819287
6 -7708.12035220
7 -7700.29976336
7 -7700.39444791
7 -7700.39444791
7 -7701.09427945
8 -7694.08978554
8 -7694.31790774
8 -7694.69413713
8 -7695.00049777
9 -7687.34293483
9 -7687.63934252
9 -7688.09326602
9 -7688.90124774
10 -7680.69496678
10 -7680.94979671
10 -7681.44582253
10 -7682.07014082
11 -7674.18520350
11 -7674.62523270
11 -7675.19798833
11 -7675.28578536
12 -7667.25961951
12 -7668.35411112
12 -7668.42318668
12 -7668.62619620
13 -7660.62533060
13 -7660.65614369
13 -7660.94809035
13 -7661.25702934
14 -7652.90064163
14 -7654.10219715
14 -7654.15857256
14 -7654.85552234
15 -7647.03734049
15 -7647.41325517
15 -7647.44441083
15 -7647.49635217
16 -7640.77731895
16 -7640.91226646
16 -7640.91937541
16 -7640.98162435
17 -7633.74694541
17 -7633.89513799
17 -7633.99128973
17 -7634.04821670
18 -7626.60822818
18 -7627.02609648
18 -7627.08661399
18 -7627.20912590
19 -7619.86189236
19 -7619.92972480
19 -7620.21109586
19 -7620.35900885
20 -7612.77797619
20 -7612.88848197
20 -7613.04569473
20 -7613.26636486
21 -7605.56354526
21 -7605.60794716
21 -7605.72997885
21 -7605.75807763
22 -7598.41850918
22 -7598.49083423
22 -7598.62719936
22 -7599.26098191
23 -7591.68558816
23 -7591.69371756
23 -7591.92428048
23 -7592.09335468
24 -7584.59173985
24 -7584.74230734
24 -7584.80135984
24 -7584.94774392
25 -7577.60832946
25 -7577.89172389
25 -7578.03469652
25 -7578.46553739
26 -7570.59381161
26 -7571.09446258
26 -7571.11152147
26 -7571.21725325
27 -7563.98343424
27 -7564.14687048
27 -7564.20287142
27 -7564.59185148
28 -7556.83066787
28 -7556.88443722
28 -7556.99693591
28 -7557.30500401
29 -7549.43882863
29 -7549.56396863
29 -7549.97422589
29 -7550.28371671
30 -7542.49235369
30 -7542.91527896
30 -7542.94631969
30 -7543.25630596
31 -7535.55204130
31 -7535.66571113
31 -7535.75359600
31 -7536.11656273
32 -7528.65359811
32 -7528.66390595
32 -7528.89480961
32 -7529.01178454
33 -7521.47935040
33 -7521.52699092
33 -7521.65502786
33 -7521.74339139
34 -7514.14990336
34 -7514.24577472
34 -7514.67851502
34 -7514.74039232
35 -7506.70641171
35 -7507.22499699
35 -7507.37761005
35 -7507.38928339
36 -7499.85219725
36 -7499.88065141
36 -7500.27280192
36 -7500.43883461
37 -7492.55405504
37 -7492.57986411
37 -7492.74656102
37 -7493.04987670
38 -7485.51257120
38 -7485.59257173
38 -7485.60469704
38 -7485.70951672
39 -7477.71385065
39 -7478.15216702
39 -7478.31180042
39 -7478.76058611
40 -7471.13605589
40 -7471.14198954
40 -7471.45801839
40 -7471.78306309
41 -7463.56739148
41 -7463.76692557
41 -7464.07496896
41 -7464.21253999
42 -7456.68841468
42 -7456.69884815
42 -7456.75390962
42 -7456.91586376
43 -7449.16543946
43 -7449.18212258
43 -7449.26578887
43 -7449.48296485
44 -7441.84525179
44 -7441.90366707
44 -7441.96969635
44 -7442.19574008
45 -7434.84123221
45 -7434.87654093
45 -7434.92975902
45 -7434.99917244
46 -7427.52536031
46 -7427.54462522
46 -7427.79446925
46 -7427.92980491
47 -7419.77070874
47 -7420.07788537
47 -7420.32514886
47 -7420.43500285
48 -7412.80467601
48 -7412.85505115
48 -7413.08161672
48 -7413.19870408
49 -7405.54630305
49 -7405.59697129
49 -7405.61298190
49 -7405.71865166
50 -7398.00184956
50 -7398.24993222
50 -7398.30141183
50 -7398.54827049
51 -7390.66127672
51 -7390.81565936
51 -7391.15608688
51 -7391.25150867
52 -7383.57562306
52 -7383.60533499
52 -7383.78658806
52 -7383.80312477
53 -7376.34401695
53 -7376.35266158
53 -7376.45567712
53 -7376.49529533
54 -7368.81969500
54 -7368.90119344
54 -7369.03059375
54 -7369.10174210
55 -7361.33441178
55 -7361.66022547
55 -7361.66056911
55 -7361.70156718
56 -7354.30707176
56 -7354.32887569
56 -7354.34497821
56 -7354.48816883
57 -7346.88898772
57 -7346.88898772
57 -7346.97293174
57 -7346.97411732
58 -7339.53902880
58 -7339.58027480
58 -7339.66901075
58 -7339.68049046
59 -7332.25733983
59 -7332.30122581
59 -7332.30122581
59 -7332.39703359
60 -7324.90480847
