1 -7745.86719
1 -7745.86719
1 -7745.86719
1 -7745.86719
2 -7745.86719
2 -7745.86719
2 -7745.86719
2 -7745.86719
3 -7745.79443
3 -7745.79443
3 -7745.79932
3 -7745.79932
4 -7747.43799
4 -7750.87158
4 -7753.69775
4 -7753.69775
5 -7797.55615
5 -7800.29590
5 -7804.18115
5 -7804.18213
6 -7908.46240
6 -7909.09814
6 -7911.44238
6 -7911.44238
7 -8067.71680
7 -8069.41455
7 -8069.59424
7 -8070.59326
8 -8293.50488
8 -8303.37109
8 -8304.52832
8 -8309.19043
9 -8612.23438
9 -8614.79883
9 -8616.92480
9 -8620.15820
10 -9023.44336
10 -9029.58105
10 -9034.30469
10 -9050.41797
11 -9549.68848
11 -9559.20605
11 -9565.34375
11 -9573.06055
12 -10177.4502
12 -10205.2871
12 -10214.0654
12 -10223.8730
13 -10881.5303
13 -10945.7783
13 -10952.3975
13 -10984.9971
14 -11822.3174
14 -11837.4121
14 -11839.4863
14 -11850.9551
15 -12808.3564
15 -12889.3457
15 -12898.1494
15 -12934.5000
16 -13634.2441
16 -13842.2969
16 -14131.7148
16 -14148.7969
17 -15409.7900
17 -15455.9219
17 -15514.6602
17 -15522.4619
18 -16642.3789
18 -17003.9648
18 -17096.9961
18 -17123.0117
19 -18164.2461
19 -18719.8906
19 -18797.5938
19 -18813.0703
20 -19535.5391
20 -20067.7578
20 -20256.1914
20 -20840.5000
21 -19563.1758
21 -22085.9648
21 -22244.6445
21 -22512.5195
22 -21103.7695
22 -22632.9141
22 -23665.6641
22 -24370.6094
23 -24402.2695
23 -24781.6680
23 -25482.0586
23 -25576.1992
24 -24072.9688
24 -25901.8906
24 -26944.2031
24 -27956.7734
25 -26802.5293
25 -27187.1602
25 -27555.6367
25 -28583.7207
26 -26580.3008
26 -26884.1680
26 -28889.8242
26 -29853.0586
27 -24275.7695
27 -28510.4551
27 -29939.2227
27 -30735.6758
28 -26938.1406
28 -30303.4102
28 -30681.1016
28 -31794.1094
29 -22311.2422
29 -25743.7070
29 -26161.3203
29 -30135.3555
30 -27109.0820
30 -28513.6016
30 -30248.0547
30 -33302.4883
31 -24415.3867
31 -26290.8477
31 -30811.4023
31 -32215.6758
32 -21100.7852
32 -28123.4648
32 -28903.2500
32 -29760.0586
33 -25490.8789
33 -27347.5234
33 -28318.3008
33 -33304.0586
34 -17709.9805
34 -21464.1680
34 -23894.9805
34 -26567.3281
35 -16674.6445
35 -18191.5000
35 -19131.1797
35 -21417.3320
36 -14142.7959
36 -17104.0391
36 -17185.8555
36 -6058.47168
37 -10453.8418
37 -16663.3320
37 -18275.3555
37 -5818.86084
38 -11002.2568
38 -3005.78809
38 -3938.60303
38 -3997.97803
39 11719.7568
39 1533.23486
39 -2182.52441
39 4299.41992
40 10389.9326
40 2986.82861
40 6901.29541
40 -7149.00244
41 12707.9512
41 14460.8848
41 3965.59814
41 8942.94727
42 18535.8008
42 22948.3477
42 29151.2344
42 8722.61328
43 26838.2148
43 28728.6211
43 35683.1680
43 37109.5234
44 35674.7266
44 41113.6172
44 44476.5938
44 49150.5391
45 46820.3438
45 48482.1484
45 50534.6758
45 58187.6289
46 60067.3906
46 61318.1484
46 64056.0508
46 67453.5625
47 71838.6797
47 76032.7031
47 86202.8438
47 97274.7266
48 103891.859
48 111131.945
48 95228.3828
48 98736.9297
49 103709.758
49 117899.633
49 122675.117
49 126990.898
50 129237.727
50 130372.758
50 133561.172
50 139411.734
51 153379.359
51 154406.953
51 171241.703
51 171541.672
52 183072.844
52 188031.781
52 192422.062
52 195653.172
53 200965.062
53 202817.250
53 213093.484
53 224836.484
54 235611.000
54 241108.547
54 242903.672
54 244594.453
55 266639.375
55 273456.219
55 278443.000
55 282207.906
56 308017.375
56 309402.906
56 311244.688
56 313033.875
57 347634.500
57 349291.375
57 349291.375
57 349515.438
58 391612.500
58 391613.062
58 391619.562
58 391620.625
59 435541.625
59 435541.625
59 435541.688
59 435542.812
