60
           1           2           2           2
           1           3           3           3
           1           4           4           4
           1           5           5           5
           1           6           6           6
           1           7           7           7
           1           8           8           8
           1           9           9           9
           1          10          10          10
           1          11          11          11
           1          12          12          12
           2           2          14          14
           2           3          15          15
           2           4          16          16
           2           5          17          17
           2           6          18          18
           2           7          19          19
           2           8          20          20
           2           9          21          21
           2          10          22          22
           2          11          23          23
           2          12          24          24
           3           2          26          26
           3           3          27          27
           3           4          28          28
           3           5          29          29
           3           6          30          30
           3           7          31          31
           3           8          32          32
           3           9          33          33
           3          10          34          34
           3          11          35          35
           3          12          36          36
           4           2          38          38
           4           3          39          39
           4           4          40          40
           4           5          41          41
           4           6          42          42
           4           7          43          43
           4           8          44          44
           4           9          45          45
           4          10          46          46
           4          11          47          47
           4          12          48          48
           5           2          50          50
           5           3          51          51
           5           4          52          52
           5           5          53          53
           5           6          54          54
           5           7          55          55
           5           8          56          56
           5           9          57          57
           5          10          58          58
           5          11          59          59
           5          12          60          60
