-7720.69716561 0450
-7720.73591586 0543
-7720.01389497 2400
-7720.07481996 2414
-7720.13800657 2417
-7720.03660093 2643
-7719.97884162 2655
-7719.82147828 2658
-7720.05116300 2952
-7719.95360072 2966
-7720.08212629 3024
-7720.00393055 3045
-7719.93298079 3144
-7719.96338721 3423
-7720.03279628 4347
-7719.98781535 4355
-7719.93942774 4359
-7719.87414590 4362
-7720.00139797 4369
-7719.97418673 4602
-7719.95913807 4752
-7719.92808258 4754
-7719.73482347 4759
-7719.70791454 4782
-7720.37778005 5499
-7720.50048285 5507
-7720.62225672 5511
-7720.47393120 5514
-7720.47665355 5521
-7720.58874433 6643
-7719.98950670 6647
-7719.98237151 6649
-7719.95181547 6651
-7720.23402047 6653
-7719.91911343 6654
-7720.48322708 6655
-7719.74839523 6659
-7719.73494332 6661
-7719.84564270 6663
-7719.66482686 6666
-7719.78143433 6671
-7719.77197767 6673
-7719.89690348 6675
-7720.39396192 6677
-7719.65888751 6678
-7719.79211830 6683
-7719.77716523 6685
-7719.74338719 6689
-7719.85264659 6704
-7719.85873525 6706
-7719.93532198 6716
-7719.93040583 6718
-7719.24829367 6864
-7719.21925665 6866
-7719.16792603 6876
-7719.30628655 6878
-7719.71459793 6933
-7719.72826228 6935
-7719.71212167 6944
-7719.79221076 6946
-7718.96994496 7050
-7719.62289548 7051
-7718.99188214 7056
-7719.05516824 7058
-7719.67092552 7062
-7718.94114101 7063
-7719.13148734 7068
-7719.09978507 7070
-7719.19316917 7072
-7719.07748440 7074
-7719.68659542 7079
-7720.23755054 7082
-7719.12454649 7170
-7719.16738276 7171
-7718.95631406 7176
-7719.16494842 7178
-7719.10153224 7182
-7719.82653330 7408
-7719.82362190 7422
-7720.13851218 7481
-7719.90648788 7489
-7720.00622317 7493
-7719.79947837 7496
-7719.74349587 7503
-7720.70257952 7560
-7719.90010152 7561
-7719.80913430 7566
-7719.87562131 7568
-7720.57962231 7569
-7719.87490009 7570
-7719.77676871 7573
-7720.48245573 7577
-7719.81789404 7578
-7719.86132622 7580
-7719.78398829 7582
-7719.77103551 7585
-7719.89880163 7589
-7719.93766671 7592
-7719.84258793 7594
-7720.41329068 7639
-7720.62024861 7643
-7720.41514220 7646
-7720.39057953 7653
-7719.71711406 7674
-7719.77594976 7678
-7719.64190226 7681
-7719.71592875 7688
-7719.57148609 7836
-7719.62439901 7838
-7719.38795202 7841
-7719.63894596 7846
-7719.53559696 7848
-7719.69930330 7850
-7719.43751653 7853
-7719.67781787 7858
-7719.63767965 7860
-7719.68967418 7862
-7719.73876909 7895
-7719.56492352 7898
-7719.62057808 7905
-7719.64677586 7951
-7719.67497991 7956
-7719.53919269 7958
-7719.79513588 7960
-7719.74428587 7963
-7719.89083957 7968
-7719.76093516 7970
-7719.85958949 7972
-7719.51980625 8028
-7719.57035537 8030
-7719.60495845 8032
-7719.39118523 8035
-7719.71560522 8039
-7719.56024942 8042
-7719.68344395 8044
-7719.60322763 8130
-7719.63151788 8165
-7719.40117661 8168
-7719.63834463 8173
-7719.43913683 8175
-7719.68235647 8179
-7720.63852270 8671
-7720.04556000 8680
-7720.54040101 8683
-7719.90716897 8692
-7719.22614089 12224
-7719.30893868 12226
-7719.23536480 12236
-7719.16467020 12238
-7718.97072395 12581
-7719.08743989 12583
-7719.02144738 12588
-7719.08609647 12638
-7719.12940973 12640
-7719.21943316 12656
-7718.93334178 12875
-7719.06282161 12910
-7719.93104239 13901
-7719.86761553 13915
-7719.98546469 13974
-7719.91545246 13988
-7719.14751278 14171
-7719.70047819 14173
-7719.63714115 14176
-7719.12687354 14181
-7718.94482075 14183
-7719.06036326 14188
-7719.20402632 14193
-7719.15933761 14195
-7719.23059668 14197
-7719.04382085 14240
-7719.53467417 14293
-7719.62449504 14365
-7719.13667407 14465
-7718.97688223 14503
-7719.12022956 14508
-7718.89049365 14510
-7719.19584933 14514
-7719.91100226 15460
-7719.77777550 15469
-7719.89336792 15476
-7719.76096684 15625
-7719.76101972 15627
-7719.63501868 15632
-7719.81685909 15684
-7719.81350656 15739
-7719.71647275 15954
-7719.64442633 15985
-7719.89253216 16791
-7719.76748990 16801
-7719.82801925 16807
-7719.78001460 16921
-7719.77788356 16923
-7719.63790624 16928
-7719.84315136 16980
-7719.77241626 17086
-7719.68923683 17250
-7719.58617010 17308
-7719.51012847 17523
-7719.55394375 17705
-7719.71052117 17709
-7719.57346933 18077
-7719.50426900 18371
-7719.45213577 18406
-7719.58386554 18511
-7718.99303142 20058
-7718.89845206 20060
-7718.85397764 20065
-7719.53668563 20092
-7719.63359230 20111
-7719.51885170 20113
-7719.52172177 20118
-7719.53121402 20183
-7719.51834991 20185
-7719.26491589 20190
-7718.94958633 20285
-7718.84345414 20290
-7718.83562742 20295
-7718.96518645 20297
-7719.09513204 20299
-7719.00671023 20301
-7718.74892025 20323
-7719.00476297 20328
-7718.74370055 20330
-7719.03886377 20332
-7719.05987551 20334
-7719.41099637 20352
-7718.82867524 20392
-7718.83613111 20393
-7718.66714770 20395
-7718.78773538 20397
-7719.56877977 20897
-7719.59814580 20969
-7719.04963414 21069
-7719.45603562 21106
-7718.92031782 21107
-7719.06331174 21108
-7719.02562059 21112
-7718.84601753 21114
-7718.96904438 21118
-7719.25007696 21172
-7719.00599473 21193
-7718.89802906 21223
-7719.58626112 21532
-7719.35562426 21790
-7719.71503523 21819
-7719.63168331 21821
-7719.44459557 21855
-7719.65439349 21895
-7719.35374314 22619
-7719.31892544 22684
-7719.47888153 22686
-7718.83727358 23574
-7718.82370650 23679
-7718.73760075 23683
-7719.44937399 23859
-7718.59949836 23895
-7718.81451561 23935
-7718.84534115 23946
-7718.93850093 23948
-7719.45552068 24093
-7720.22961745 26071
-7720.04669423 26092
-7719.83925850 26190
-7719.91288758 26469
-7719.85120439 27144
-7720.03922995 27294
-7720.60139209 27297
-7720.11646446 27302
-7719.58775958 27324
-7719.87809892 27785
-7719.86957011 27788
-7719.18903451 27789
-7719.03377288 27792
-7719.71421571 27796
-7719.78826725 27799
-7719.07980766 27801
-7719.22791197 27804
-7719.13279802 27808
-7719.31983870 27811
-7719.30723446 27812
-7719.18843545 27813
-7719.69450839 27937
-7719.75968571 27949
-7719.65117810 27964
-7719.64513229 27967
-7718.96844308 27969
-7718.90524746 27972
-7719.21679004 27976
-7719.14613133 27979
-7719.07092960 27981
-7719.49791705 28889
-7718.87013426 28999
-7719.05272509 29008
-7718.97608061 29018
-7719.40821440 29075
-7719.48707998 29078
-7718.92626892 29080
-7718.76758710 29083
-7718.87661491 29087
-7718.92106297 29090
-7718.99884825 29091
-7718.96623983 29092
-7719.44430880 29169
-7719.02558228 29323
-7718.87214051 29324
-7719.60758102 29579
-7719.57244357 29889
-7719.49925948 31484
-7719.66178408 31493
-7719.62366807 31503
-7719.23815652 31568
-7719.55011901 31569
-7719.75412352 31669
-7719.80005697 31674
-7719.63612894 31774
-7719.64147600 31776
-7719.60213478 32287
-7719.52857949 32492
-7719.65657831 32496
-7719.64324731 32628
-7719.37356907 32703
-7719.43903919 32874
-7719.48251576 32910
-7719.40630629 33023
-7718.90896511 33025
-7718.71125511 33028
-7719.03065436 33032
-7718.97524470 33033
-7718.84305906 33035
-7718.94917056 33037
-7719.56546414 33135
-7719.46000878 33158
-7719.29105013 33168
-7719.59975803 33170
-7719.07289222 33190
-7719.07643920 33194
-7719.14160514 33195
-7719.04747274 33197
-7718.91851611 33199
-7718.87698945 33233
-7719.05267615 33235
-7719.02585582 33273
-7719.15814228 33275
-7719.04813355 33284
-7719.00006892 33286
-7719.32139228 33957
-7719.23513931 33990
-7718.69772141 34019
-7718.83127347 34059
-7718.76829613 34060
-7718.57513469 34062
-7718.71090512 34064
-7719.56054964 35274
-7719.74232794 35314
-7718.86604060 35471
-7718.79528212 35505
-7719.46082652 36818
-7719.39577574 36898
-7719.17901102 36900
-7719.31291533 37039
-7719.42492645 37054
-7719.25696785 37055
-7719.32531506 37378
-7719.45820344 37382
-7719.25509826 37454
-7719.40557305 37483
-7719.23648872 37508
-7718.71745360 37522
-7718.82324215 37526
-7718.67578518 37625
-7719.42835728 37670
-7719.54315974 37742
-7719.23495566 37788
-7719.25026568 37797
-7719.20242140 38013
-7719.10964339 38017
-7719.32147319 38031
-7719.25809206 38064
-7719.38432104 38083
-7718.70194976 38093
-7718.77418576 38097
-7718.61624280 38133
-7718.73825204 38134
-7718.54569131 38136
-7718.78292514 38137
-7718.67294711 38138
-7718.81494563 38152
-7718.83187738 38170
-7718.80167019 38171
-7718.67744501 38172
-7719.09006904 38597
-7719.23115427 38612
-7718.98221425 38885
-7719.04103707 38899
-7719.00013932 38935
-7719.05512653 38954
-7718.98246367 38973
-7718.84174973 38974
-7719.14418941 39347
-7719.10503160 39472
-7719.18620968 39487
-7719.27403597 39488
-7718.97344372 39547
-7718.71308998 39578
-7718.43234443 39579
-7718.79748465 39581
-7719.36851431 39656
-7718.74769057 39777
-7718.58506451 39778
-7718.55739646 39858
-7718.67253939 39859
-7718.65206134 39923
-7718.58590954 39926
-7718.75103792 39927
-7719.15885513 40347
-7719.13636972 40381
-7719.30390669 40382
-7718.94927644 40447
-7719.15253117 40449
-7719.20485973 40485
-7718.53355649 40519
-7718.40648500 40521
-7718.59016471 40650
-7718.51174801 40652
-7718.42602689 40656
-7718.63479630 40658
-7718.43579581 40667
-7718.55771448 40669
-7718.64558130 40670
