1770
           1           2           2           3           2
           1           3           1           3           3
           1           4           4           5           4
           1           5           5           6           5
           1           6           4           6           6
           1           7           7           8           7
           1           8           8           9           8
           1           9           7           9           9
           1          10          10          11          10
           1          11          11          12          11
           1          12          10          12          12
           2           2           2           5          14
           2           3           3           6          15
           2           4           7          10          16
           2           5           8          11          17
           2           6           9          12          18
           3           2           2           6          20
           3           3           3           4          21
           3           4           2           4          22
           3           5           3           5          23
           3           6           1           6          24
           3           7           7          11          25
           3           8           8          12          26
           3           9           9          10          27
           3          10           8          10          28
           3          11           9          11          29
           3          12           7          12          30
           4           2           2           9          32
           4           3           3           8          33
           4           4           4          10          34
           4           5           5          12          35
           4           6           6          11          36
           5           2           2           7          38
           5           3           3           9          39
           5           4           4          11          40
           5           5           5          10          41
           5           6           6          12          42
           6           2           2           8          44
           6           3           3           7          45
           6           4           4          12          46
           6           5           5          11          47
           6           6           6          10          48
           7           2           2          12          50
           7           3           3          11          51
           7           4           4           7          52
           7           5           5           9          53
           7           6           6           8          54
           8           2           2          10          56
           8           3           3          12          57
           8           4           4           8          58
           8           5           5           7          59
           8           6           6           9          60
           9           2           2          11          62
           9           3           3          10          63
           9           4           4           9          64
           9           5           5           8          65
           9           6           6           7          66
          10           2           2          14          68
          10           3           3          15          69
          10           4           4          16          70
          10           5           5          17          71
          10           6           6          18          72
          10           7           7          19          73
          10           8           8          20          74
          10           9           9          21          75
          10          10          10          22          76
          10          11          11          23          77
          10          12          12          24          78
          11           2           2          15          80
          11           3           3          13          81
          11           4           4          17          82
          11           5           5          18          83
          11           6           6          16          84
          11           7           7          20          85
          11           8           8          21          86
          11           9           9          19          87
          11          10          10          23          88
          11          11          11          24          89
          11          12          12          22          90
          12           2           2          13          92
          12           3           3          14          93
          12           4           4          18          94
          12           5           5          16          95
          12           6           6          17          96
          12           7           7          21          97
          12           8           8          19          98
          12           9           9          20          99
          12          10          10          24         100
          12          11          11          22         101
          12          12          12          23         102
          13           2           2          17         104
          13           3           3          18         105
          13           4           4          13         106
          13           5           5          14         107
          13           6           6          15         108
          13           7           7          22         109
          13           8           8          23         110
          13           9           9          24         111
          13          10          10          19         112
          13          11          11          20         113
          13          12          12          21         114
          14           2           2          18         116
          14           3           3          16         117
          14           4           4          14         118
          14           5           5          15         119
          14           6           6          13         120
          14           7           7          23         121
          14           8           8          24         122
          14           9           9          22         123
          14          10          10          20         124
          14          11          11          21         125
          14          12          12          19         126
          15           2           2          16         128
          15           3           3          17         129
          15           4           4          15         130
          15           5           5          13         131
          15           6           6          14         132
          15           7           7          24         133
          15           8           8          22         134
          15           9           9          23         135
          15          10          10          21         136
          15          11          11          19         137
          15          12          12          20         138
          16           2           2          21         140
          16           3           3          20         141
          16           4           4          22         142
          16           5           5          24         143
          16           6           6          23         144
          16           7           7          13         145
          16           8           8          15         146
          16           9           9          14         147
          16          10          10          16         148
          16          11          11          18         149
          16          12          12          17         150
          17           2           2          19         152
          17           3           3          21         153
          17           4           4          23         154
          17           5           5          22         155
          17           6           6          24         156
          17           7           7          14         157
          17           8           8          13         158
          17           9           9          15         159
          17          10          10          17         160
          17          11          11          16         161
          17          12          12          18         162
          18           2           2          20         164
          18           3           3          19         165
          18           4           4          24         166
          18           5           5          23         167
          18           6           6          22         168
          18           7           7          15         169
          18           8           8          14         170
          18           9           9          13         171
          18          10          10          18         172
          18          11          11          17         173
          18          12          12          16         174
          19           2           2          24         176
          19           3           3          23         177
          19           4           4          19         178
          19           5           5          21         179
          19           6           6          20         180
          19           7           7          16         181
          19           8           8          18         182
          19           9           9          17         183
          19          10          10          13         184
          19          11          11          15         185
          19          12          12          14         186
          20           2           2          22         188
          20           3           3          24         189
          20           4           4          20         190
          20           5           5          19         191
          20           6           6          21         192
          20           7           7          17         193
          20           8           8          16         194
          20           9           9          18         195
          20          10          10          14         196
          20          11          11          13         197
          20          12          12          15         198
          21           2           2          23         200
          21           3           3          22         201
          21           4           4          21         202
          21           5           5          20         203
          21           6           6          19         204
          21           7           7          18         205
          21           8           8          17         206
          21           9           9          16         207
          21          10          10          15         208
          21          11          11          14         209
          21          12          12          13         210
          22           2           2          26         212
          22           3           3          27         213
          22           4           4          28         214
          22           5           5          29         215
          22           6           6          30         216
          22           7           7          31         217
          22           8           8          32         218
          22           9           9          33         219
          22          10          10          34         220
          22          11          11          35         221
          22          12          12          36         222
          23           2           2          27         224
          23           3           3          25         225
          23           4           4          29         226
          23           5           5          30         227
          23           6           6          28         228
          23           7           7          32         229
          23           8           8          33         230
          23           9           9          31         231
          23          10          10          35         232
          23          11          11          36         233
          23          12          12          34         234
          24           2           2          25         236
          24           3           3          26         237
          24           4           4          30         238
          24           5           5          28         239
          24           6           6          29         240
          24           7           7          33         241
          24           8           8          31         242
          24           9           9          32         243
          24          10          10          36         244
          24          11          11          34         245
          24          12          12          35         246
          25           2           2          29         248
          25           3           3          30         249
          25           4           4          25         250
          25           5           5          26         251
          25           6           6          27         252
          25           7           7          34         253
          25           8           8          35         254
          25           9           9          36         255
          25          10          10          31         256
          25          11          11          32         257
          25          12          12          33         258
          26           2           2          30         260
          26           3           3          28         261
          26           4           4          26         262
          26           5           5          27         263
          26           6           6          25         264
          26           7           7          35         265
          26           8           8          36         266
          26           9           9          34         267
          26          10          10          32         268
          26          11          11          33         269
          26          12          12          31         270
          27           2           2          28         272
          27           3           3          29         273
          27           4           4          27         274
          27           5           5          25         275
          27           6           6          26         276
          27           7           7          36         277
          27           8           8          34         278
          27           9           9          35         279
          27          10          10          33         280
          27          11          11          31         281
          27          12          12          32         282
          28           2           2          33         284
          28           3           3          32         285
          28           4           4          34         286
          28           5           5          36         287
          28           6           6          35         288
          28           7           7          25         289
          28           8           8          27         290
          28           9           9          26         291
          28          10          10          28         292
          28          11          11          30         293
          28          12          12          29         294
          29           2           2          31         296
          29           3           3          33         297
          29           4           4          35         298
          29           5           5          34         299
          29           6           6          36         300
          29           7           7          26         301
          29           8           8          25         302
          29           9           9          27         303
          29          10          10          29         304
          29          11          11          28         305
          29          12          12          30         306
          30           2           2          32         308
          30           3           3          31         309
          30           4           4          36         310
          30           5           5          35         311
          30           6           6          34         312
          30           7           7          27         313
          30           8           8          26         314
          30           9           9          25         315
          30          10          10          30         316
          30          11          11          29         317
          30          12          12          28         318
          31           2           2          36         320
          31           3           3          35         321
          31           4           4          31         322
          31           5           5          33         323
          31           6           6          32         324
          31           7           7          28         325
          31           8           8          30         326
          31           9           9          29         327
          31          10          10          25         328
          31          11          11          27         329
          31          12          12          26         330
          32           2           2          34         332
          32           3           3          36         333
          32           4           4          32         334
          32           5           5          31         335
          32           6           6          33         336
          32           7           7          29         337
          32           8           8          28         338
          32           9           9          30         339
          32          10          10          26         340
          32          11          11          25         341
          32          12          12          27         342
          33           2           2          35         344
          33           3           3          34         345
          33           4           4          33         346
          33           5           5          32         347
          33           6           6          31         348
          33           7           7          30         349
          33           8           8          29         350
          33           9           9          28         351
          33          10          10          27         352
          33          11          11          26         353
          33          12          12          25         354
          34           2           2          38         356
          34           3           3          39         357
          34           4           4          40         358
          34           5           5          41         359
          34           6           6          42         360
          34           7           7          43         361
          34           8           8          44         362
          34           9           9          45         363
          34          10          10          46         364
          34          11          11          47         365
          34          12          12          48         366
          35           2           2          39         368
          35           3           3          37         369
          35           4           4          41         370
          35           5           5          42         371
          35           6           6          40         372
          35           7           7          44         373
          35           8           8          45         374
          35           9           9          43         375
          35          10          10          47         376
          35          11          11          48         377
          35          12          12          46         378
          36           2           2          37         380
          36           3           3          38         381
          36           4           4          42         382
          36           5           5          40         383
          36           6           6          41         384
          36           7           7          45         385
          36           8           8          43         386
          36           9           9          44         387
          36          10          10          48         388
          36          11          11          46         389
          36          12          12          47         390
          37           2           2          41         392
          37           3           3          42         393
          37           4           4          37         394
          37           5           5          38         395
          37           6           6          39         396
          37           7           7          46         397
          37           8           8          47         398
          37           9           9          48         399
          37          10          10          43         400
          37          11          11          44         401
          37          12          12          45         402
          38           2           2          42         404
          38           3           3          40         405
          38           4           4          38         406
          38           5           5          39         407
          38           6           6          37         408
          38           7           7          47         409
          38           8           8          48         410
          38           9           9          46         411
          38          10          10          44         412
          38          11          11          45         413
          38          12          12          43         414
          39           2           2          40         416
          39           3           3          41         417
          39           4           4          39         418
          39           5           5          37         419
          39           6           6          38         420
          39           7           7          48         421
          39           8           8          46         422
          39           9           9          47         423
          39          10          10          45         424
          39          11          11          43         425
          39          12          12          44         426
          40           2           2          45         428
          40           3           3          44         429
          40           4           4          46         430
          40           5           5          48         431
          40           6           6          47         432
          40           7           7          37         433
          40           8           8          39         434
          40           9           9          38         435
          40          10          10          40         436
          40          11          11          42         437
          40          12          12          41         438
          41           2           2          43         440
          41           3           3          45         441
          41           4           4          47         442
          41           5           5          46         443
          41           6           6          48         444
          41           7           7          38         445
          41           8           8          37         446
          41           9           9          39         447
          41          10          10          41         448
          41          11          11          40         449
          41          12          12          42         450
          42           2           2          44         452
          42           3           3          43         453
          42           4           4          48         454
          42           5           5          47         455
          42           6           6          46         456
          42           7           7          39         457
          42           8           8          38         458
          42           9           9          37         459
          42          10          10          42         460
          42          11          11          41         461
          42          12          12          40         462
          43           2           2          48         464
          43           3           3          47         465
          43           4           4          43         466
          43           5           5          45         467
          43           6           6          44         468
          43           7           7          40         469
          43           8           8          42         470
          43           9           9          41         471
          43          10          10          37         472
          43          11          11          39         473
          43          12          12          38         474
          44           2           2          46         476
          44           3           3          48         477
          44           4           4          44         478
          44           5           5          43         479
          44           6           6          45         480
          44           7           7          41         481
          44           8           8          40         482
          44           9           9          42         483
          44          10          10          38         484
          44          11          11          37         485
          44          12          12          39         486
          45           2           2          47         488
          45           3           3          46         489
          45           4           4          45         490
          45           5           5          44         491
          45           6           6          43         492
          45           7           7          42         493
          45           8           8          41         494
          45           9           9          40         495
          45          10          10          39         496
          45          11          11          38         497
          45          12          12          37         498
          46           2           2          50         500
          46           3           3          51         501
          46           4           4          52         502
          46           5           5          53         503
          46           6           6          54         504
          46           7           7          55         505
          46           8           8          56         506
          46           9           9          57         507
          46          10          10          58         508
          46          11          11          59         509
          46          12          12          60         510
          47           2           2          51         512
          47           3           3          49         513
          47           4           4          53         514
          47           5           5          54         515
          47           6           6          52         516
          47           7           7          56         517
          47           8           8          57         518
          47           9           9          55         519
          47          10          10          59         520
          47          11          11          60         521
          47          12          12          58         522
          48           2           2          49         524
          48           3           3          50         525
          48           4           4          54         526
          48           5           5          52         527
          48           6           6          53         528
          48           7           7          57         529
          48           8           8          55         530
          48           9           9          56         531
          48          10          10          60         532
          48          11          11          58         533
          48          12          12          59         534
          49           2           2          53         536
          49           3           3          54         537
          49           4           4          49         538
          49           5           5          50         539
          49           6           6          51         540
          49           7           7          58         541
          49           8           8          59         542
          49           9           9          60         543
          49          10          10          55         544
          49          11          11          56         545
          49          12          12          57         546
          50           2           2          54         548
          50           3           3          52         549
          50           4           4          50         550
          50           5           5          51         551
          50           6           6          49         552
          50           7           7          59         553
          50           8           8          60         554
          50           9           9          58         555
          50          10          10          56         556
          50          11          11          57         557
          50          12          12          55         558
          51           2           2          52         560
          51           3           3          53         561
          51           4           4          51         562
          51           5           5          49         563
          51           6           6          50         564
          51           7           7          60         565
          51           8           8          58         566
          51           9           9          59         567
          51          10          10          57         568
          51          11          11          55         569
          51          12          12          56         570
          52           2           2          57         572
          52           3           3          56         573
          52           4           4          58         574
          52           5           5          60         575
          52           6           6          59         576
          52           7           7          49         577
          52           8           8          51         578
          52           9           9          50         579
          52          10          10          52         580
          52          11          11          54         581
          52          12          12          53         582
          53           2           2          55         584
          53           3           3          57         585
          53           4           4          59         586
          53           5           5          58         587
          53           6           6          60         588
          53           7           7          50         589
          53           8           8          49         590
          53           9           9          51         591
          53          10          10          53         592
          53          11          11          52         593
          53          12          12          54         594
          54           2           2          56         596
          54           3           3          55         597
          54           4           4          60         598
          54           5           5          59         599
          54           6           6          58         600
          54           7           7          51         601
          54           8           8          50         602
          54           9           9          49         603
          54          10          10          54         604
          54          11          11          53         605
          54          12          12          52         606
          55           2           2          60         608
          55           3           3          59         609
          55           4           4          55         610
          55           5           5          57         611
          55           6           6          56         612
          55           7           7          52         613
          55           8           8          54         614
          55           9           9          53         615
          55          10          10          49         616
          55          11          11          51         617
          55          12          12          50         618
          56           2           2          58         620
          56           3           3          60         621
          56           4           4          56         622
          56           5           5          55         623
          56           6           6          57         624
          56           7           7          53         625
          56           8           8          52         626
          56           9           9          54         627
          56          10          10          50         628
          56          11          11          49         629
          56          12          12          51         630
          57           2           2          59         632
          57           3           3          58         633
          57           4           4          57         634
          57           5           5          56         635
          57           6           6          55         636
          57           7           7          54         637
          57           8           8          53         638
          57           9           9          52         639
          57          10          10          51         640
          57          11          11          50         641
          57          12          12          49         642
          58           2          14          15         644
          58           3          13          15         645
          58           4          16          17         646
          58           5          17          18         647
          58           6          16          18         648
          58           7          19          20         649
          58           8          20          21         650
          58           9          19          21         651
          58          10          22          23         652
          58          11          23          24         653
          58          12          22          24         654
          59           2          14          17         656
          59           3          15          18         657
          59           4          19          22         658
          59           5          20          23         659
          59           6          21          24         660
          60           2          14          18         662
          60           3          15          16         663
          60           4          14          16         664
          60           5          15          17         665
          60           6          13          18         666
          60           7          19          23         667
          60           8          20          24         668
          60           9          21          22         669
          60          10          20          22         670
          60          11          21          23         671
          60          12          19          24         672
          61           2          14          21         674
          61           3          15          20         675
          61           4          16          22         676
          61           5          17          24         677
          61           6          18          23         678
          62           2          14          19         680
          62           3          15          21         681
          62           4          16          23         682
          62           5          17          22         683
          62           6          18          24         684
          63           2          14          20         686
          63           3          15          19         687
          63           4          16          24         688
          63           5          17          23         689
          63           6          18          22         690
          64           2          14          24         692
          64           3          15          23         693
          64           4          16          19         694
          64           5          17          21         695
          64           6          18          20         696
          65           2          14          22         698
          65           3          15          24         699
          65           4          16          20         700
          65           5          17          19         701
          65           6          18          21         702
          66           2          14          23         704
          66           3          15          22         705
          66           4          16          21         706
          66           5          17          20         707
          66           6          18          19         708
          67           2          14          26         710
          67           3          15          27         711
          67           4          16          28         712
          67           5          17          29         713
          67           6          18          30         714
          67           7          19          31         715
          67           8          20          32         716
          67           9          21          33         717
          67          10          22          34         718
          67          11          23          35         719
          67          12          24          36         720
          68           2          14          27         722
          68           3          15          25         723
          68           4          16          29         724
          68           5          17          30         725
          68           6          18          28         726
          68           7          19          32         727
          68           8          20          33         728
          68           9          21          31         729
          68          10          22          35         730
          68          11          23          36         731
          68          12          24          34         732
          69           2          14          25         734
          69           3          15          26         735
          69           4          16          30         736
          69           5          17          28         737
          69           6          18          29         738
          69           7          19          33         739
          69           8          20          31         740
          69           9          21          32         741
          69          10          22          36         742
          69          11          23          34         743
          69          12          24          35         744
          70           2          14          29         746
          70           3          15          30         747
          70           4          16          25         748
          70           5          17          26         749
          70           6          18          27         750
          70           7          19          34         751
          70           8          20          35         752
          70           9          21          36         753
          70          10          22          31         754
          70          11          23          32         755
          70          12          24          33         756
          71           2          14          30         758
          71           3          15          28         759
          71           4          16          26         760
          71           5          17          27         761
          71           6          18          25         762
          71           7          19          35         763
          71           8          20          36         764
          71           9          21          34         765
          71          10          22          32         766
          71          11          23          33         767
          71          12          24          31         768
          72           2          14          28         770
          72           3          15          29         771
          72           4          16          27         772
          72           5          17          25         773
          72           6          18          26         774
          72           7          19          36         775
          72           8          20          34         776
          72           9          21          35         777
          72          10          22          33         778
          72          11          23          31         779
          72          12          24          32         780
          73           2          14          33         782
          73           3          15          32         783
          73           4          16          34         784
          73           5          17          36         785
          73           6          18          35         786
          73           7          19          25         787
          73           8          20          27         788
          73           9          21          26         789
          73          10          22          28         790
          73          11          23          30         791
          73          12          24          29         792
          74           2          14          31         794
          74           3          15          33         795
          74           4          16          35         796
          74           5          17          34         797
          74           6          18          36         798
          74           7          19          26         799
          74           8          20          25         800
          74           9          21          27         801
          74          10          22          29         802
          74          11          23          28         803
          74          12          24          30         804
          75           2          14          32         806
          75           3          15          31         807
          75           4          16          36         808
          75           5          17          35         809
          75           6          18          34         810
          75           7          19          27         811
          75           8          20          26         812
          75           9          21          25         813
          75          10          22          30         814
          75          11          23          29         815
          75          12          24          28         816
          76           2          14          36         818
          76           3          15          35         819
          76           4          16          31         820
          76           5          17          33         821
          76           6          18          32         822
          76           7          19          28         823
          76           8          20          30         824
          76           9          21          29         825
          76          10          22          25         826
          76          11          23          27         827
          76          12          24          26         828
          77           2          14          34         830
          77           3          15          36         831
          77           4          16          32         832
          77           5          17          31         833
          77           6          18          33         834
          77           7          19          29         835
          77           8          20          28         836
          77           9          21          30         837
          77          10          22          26         838
          77          11          23          25         839
          77          12          24          27         840
          78           2          14          35         842
          78           3          15          34         843
          78           4          16          33         844
          78           5          17          32         845
          78           6          18          31         846
          78           7          19          30         847
          78           8          20          29         848
          78           9          21          28         849
          78          10          22          27         850
          78          11          23          26         851
          78          12          24          25         852
          79           2          14          38         854
          79           3          15          39         855
          79           4          16          40         856
          79           5          17          41         857
          79           6          18          42         858
          79           7          19          43         859
          79           8          20          44         860
          79           9          21          45         861
          79          10          22          46         862
          79          11          23          47         863
          79          12          24          48         864
          80           2          14          39         866
          80           3          15          37         867
          80           4          16          41         868
          80           5          17          42         869
          80           6          18          40         870
          80           7          19          44         871
          80           8          20          45         872
          80           9          21          43         873
          80          10          22          47         874
          80          11          23          48         875
          80          12          24          46         876
          81           2          14          37         878
          81           3          15          38         879
          81           4          16          42         880
          81           5          17          40         881
          81           6          18          41         882
          81           7          19          45         883
          81           8          20          43         884
          81           9          21          44         885
          81          10          22          48         886
          81          11          23          46         887
          81          12          24          47         888
          82           2          14          41         890
          82           3          15          42         891
          82           4          16          37         892
          82           5          17          38         893
          82           6          18          39         894
          82           7          19          46         895
          82           8          20          47         896
          82           9          21          48         897
          82          10          22          43         898
          82          11          23          44         899
          82          12          24          45         900
          83           2          14          42         902
          83           3          15          40         903
          83           4          16          38         904
          83           5          17          39         905
          83           6          18          37         906
          83           7          19          47         907
          83           8          20          48         908
          83           9          21          46         909
          83          10          22          44         910
          83          11          23          45         911
          83          12          24          43         912
          84           2          14          40         914
          84           3          15          41         915
          84           4          16          39         916
          84           5          17          37         917
          84           6          18          38         918
          84           7          19          48         919
          84           8          20          46         920
          84           9          21          47         921
          84          10          22          45         922
          84          11          23          43         923
          84          12          24          44         924
          85           2          14          45         926
          85           3          15          44         927
          85           4          16          46         928
          85           5          17          48         929
          85           6          18          47         930
          85           7          19          37         931
          85           8          20          39         932
          85           9          21          38         933
          85          10          22          40         934
          85          11          23          42         935
          85          12          24          41         936
          86           2          14          43         938
          86           3          15          45         939
          86           4          16          47         940
          86           5          17          46         941
          86           6          18          48         942
          86           7          19          38         943
          86           8          20          37         944
          86           9          21          39         945
          86          10          22          41         946
          86          11          23          40         947
          86          12          24          42         948
          87           2          14          44         950
          87           3          15          43         951
          87           4          16          48         952
          87           5          17          47         953
          87           6          18          46         954
          87           7          19          39         955
          87           8          20          38         956
          87           9          21          37         957
          87          10          22          42         958
          87          11          23          41         959
          87          12          24          40         960
          88           2          14          48         962
          88           3          15          47         963
          88           4          16          43         964
          88           5          17          45         965
          88           6          18          44         966
          88           7          19          40         967
          88           8          20          42         968
          88           9          21          41         969
          88          10          22          37         970
          88          11          23          39         971
          88          12          24          38         972
          89           2          14          46         974
          89           3          15          48         975
          89           4          16          44         976
          89           5          17          43         977
          89           6          18          45         978
          89           7          19          41         979
          89           8          20          40         980
          89           9          21          42         981
          89          10          22          38         982
          89          11          23          37         983
          89          12          24          39         984
          90           2          14          47         986
          90           3          15          46         987
          90           4          16          45         988
          90           5          17          44         989
          90           6          18          43         990
          90           7          19          42         991
          90           8          20          41         992
          90           9          21          40         993
          90          10          22          39         994
          90          11          23          38         995
          90          12          24          37         996
          91           2          14          50         998
          91           3          15          51         999
          91           4          16          52        1000
          91           5          17          53        1001
          91           6          18          54        1002
          91           7          19          55        1003
          91           8          20          56        1004
          91           9          21          57        1005
          91          10          22          58        1006
          91          11          23          59        1007
          91          12          24          60        1008
          92           2          14          51        1010
          92           3          15          49        1011
          92           4          16          53        1012
          92           5          17          54        1013
          92           6          18          52        1014
          92           7          19          56        1015
          92           8          20          57        1016
          92           9          21          55        1017
          92          10          22          59        1018
          92          11          23          60        1019
          92          12          24          58        1020
          93           2          14          49        1022
          93           3          15          50        1023
          93           4          16          54        1024
          93           5          17          52        1025
          93           6          18          53        1026
          93           7          19          57        1027
          93           8          20          55        1028
          93           9          21          56        1029
          93          10          22          60        1030
          93          11          23          58        1031
          93          12          24          59        1032
          94           2          14          53        1034
          94           3          15          54        1035
          94           4          16          49        1036
          94           5          17          50        1037
          94           6          18          51        1038
          94           7          19          58        1039
          94           8          20          59        1040
          94           9          21          60        1041
          94          10          22          55        1042
          94          11          23          56        1043
          94          12          24          57        1044
          95           2          14          54        1046
          95           3          15          52        1047
          95           4          16          50        1048
          95           5          17          51        1049
          95           6          18          49        1050
          95           7          19          59        1051
          95           8          20          60        1052
          95           9          21          58        1053
          95          10          22          56        1054
          95          11          23          57        1055
          95          12          24          55        1056
          96           2          14          52        1058
          96           3          15          53        1059
          96           4          16          51        1060
          96           5          17          49        1061
          96           6          18          50        1062
          96           7          19          60        1063
          96           8          20          58        1064
          96           9          21          59        1065
          96          10          22          57        1066
          96          11          23          55        1067
          96          12          24          56        1068
          97           2          14          57        1070
          97           3          15          56        1071
          97           4          16          58        1072
          97           5          17          60        1073
          97           6          18          59        1074
          97           7          19          49        1075
          97           8          20          51        1076
          97           9          21          50        1077
          97          10          22          52        1078
          97          11          23          54        1079
          97          12          24          53        1080
          98           2          14          55        1082
          98           3          15          57        1083
          98           4          16          59        1084
          98           5          17          58        1085
          98           6          18          60        1086
          98           7          19          50        1087
          98           8          20          49        1088
          98           9          21          51        1089
          98          10          22          53        1090
          98          11          23          52        1091
          98          12          24          54        1092
          99           2          14          56        1094
          99           3          15          55        1095
          99           4          16          60        1096
          99           5          17          59        1097
          99           6          18          58        1098
          99           7          19          51        1099
          99           8          20          50        1100
          99           9          21          49        1101
          99          10          22          54        1102
          99          11          23          53        1103
          99          12          24          52        1104
         100           2          14          60        1106
         100           3          15          59        1107
         100           4          16          55        1108
         100           5          17          57        1109
         100           6          18          56        1110
         100           7          19          52        1111
         100           8          20          54        1112
         100           9          21          53        1113
         100          10          22          49        1114
         100          11          23          51        1115
         100          12          24          50        1116
         101           2          14          58        1118
         101           3          15          60        1119
         101           4          16          56        1120
         101           5          17          55        1121
         101           6          18          57        1122
         101           7          19          53        1123
         101           8          20          52        1124
         101           9          21          54        1125
         101          10          22          50        1126
         101          11          23          49        1127
         101          12          24          51        1128
         102           2          14          59        1130
         102           3          15          58        1131
         102           4          16          57        1132
         102           5          17          56        1133
         102           6          18          55        1134
         102           7          19          54        1135
         102           8          20          53        1136
         102           9          21          52        1137
         102          10          22          51        1138
         102          11          23          50        1139
         102          12          24          49        1140
         103           2          26          27        1142
         103           3          25          27        1143
         103           4          28          29        1144
         103           5          29          30        1145
         103           6          28          30        1146
         103           7          31          32        1147
         103           8          32          33        1148
         103           9          31          33        1149
         103          10          34          35        1150
         103          11          35          36        1151
         103          12          34          36        1152
         104           2          26          29        1154
         104           3          27          30        1155
         104           4          31          34        1156
         104           5          32          35        1157
         104           6          33          36        1158
         105           2          26          30        1160
         105           3          27          28        1161
         105           4          26          28        1162
         105           5          27          29        1163
         105           6          25          30        1164
         105           7          31          35        1165
         105           8          32          36        1166
         105           9          33          34        1167
         105          10          32          34        1168
         105          11          33          35        1169
         105          12          31          36        1170
         106           2          26          33        1172
         106           3          27          32        1173
         106           4          28          34        1174
         106           5          29          36        1175
         106           6          30          35        1176
         107           2          26          31        1178
         107           3          27          33        1179
         107           4          28          35        1180
         107           5          29          34        1181
         107           6          30          36        1182
         108           2          26          32        1184
         108           3          27          31        1185
         108           4          28          36        1186
         108           5          29          35        1187
         108           6          30          34        1188
         109           2          26          36        1190
         109           3          27          35        1191
         109           4          28          31        1192
         109           5          29          33        1193
         109           6          30          32        1194
         110           2          26          34        1196
         110           3          27          36        1197
         110           4          28          32        1198
         110           5          29          31        1199
         110           6          30          33        1200
         111           2          26          35        1202
         111           3          27          34        1203
         111           4          28          33        1204
         111           5          29          32        1205
         111           6          30          31        1206
         112           2          26          38        1208
         112           3          27          39        1209
         112           4          28          40        1210
         112           5          29          41        1211
         112           6          30          42        1212
         112           7          31          43        1213
         112           8          32          44        1214
         112           9          33          45        1215
         112          10          34          46        1216
         112          11          35          47        1217
         112          12          36          48        1218
         113           2          26          39        1220
         113           3          27          37        1221
         113           4          28          41        1222
         113           5          29          42        1223
         113           6          30          40        1224
         113           7          31          44        1225
         113           8          32          45        1226
         113           9          33          43        1227
         113          10          34          47        1228
         113          11          35          48        1229
         113          12          36          46        1230
         114           2          26          37        1232
         114           3          27          38        1233
         114           4          28          42        1234
         114           5          29          40        1235
         114           6          30          41        1236
         114           7          31          45        1237
         114           8          32          43        1238
         114           9          33          44        1239
         114          10          34          48        1240
         114          11          35          46        1241
         114          12          36          47        1242
         115           2          26          41        1244
         115           3          27          42        1245
         115           4          28          37        1246
         115           5          29          38        1247
         115           6          30          39        1248
         115           7          31          46        1249
         115           8          32          47        1250
         115           9          33          48        1251
         115          10          34          43        1252
         115          11          35          44        1253
         115          12          36          45        1254
         116           2          26          42        1256
         116           3          27          40        1257
         116           4          28          38        1258
         116           5          29          39        1259
         116           6          30          37        1260
         116           7          31          47        1261
         116           8          32          48        1262
         116           9          33          46        1263
         116          10          34          44        1264
         116          11          35          45        1265
         116          12          36          43        1266
         117           2          26          40        1268
         117           3          27          41        1269
         117           4          28          39        1270
         117           5          29          37        1271
         117           6          30          38        1272
         117           7          31          48        1273
         117           8          32          46        1274
         117           9          33          47        1275
         117          10          34          45        1276
         117          11          35          43        1277
         117          12          36          44        1278
         118           2          26          45        1280
         118           3          27          44        1281
         118           4          28          46        1282
         118           5          29          48        1283
         118           6          30          47        1284
         118           7          31          37        1285
         118           8          32          39        1286
         118           9          33          38        1287
         118          10          34          40        1288
         118          11          35          42        1289
         118          12          36          41        1290
         119           2          26          43        1292
         119           3          27          45        1293
         119           4          28          47        1294
         119           5          29          46        1295
         119           6          30          48        1296
         119           7          31          38        1297
         119           8          32          37        1298
         119           9          33          39        1299
         119          10          34          41        1300
         119          11          35          40        1301
         119          12          36          42        1302
         120           2          26          44        1304
         120           3          27          43        1305
         120           4          28          48        1306
         120           5          29          47        1307
         120           6          30          46        1308
         120           7          31          39        1309
         120           8          32          38        1310
         120           9          33          37        1311
         120          10          34          42        1312
         120          11          35          41        1313
         120          12          36          40        1314
         121           2          26          48        1316
         121           3          27          47        1317
         121           4          28          43        1318
         121           5          29          45        1319
         121           6          30          44        1320
         121           7          31          40        1321
         121           8          32          42        1322
         121           9          33          41        1323
         121          10          34          37        1324
         121          11          35          39        1325
         121          12          36          38        1326
         122           2          26          46        1328
         122           3          27          48        1329
         122           4          28          44        1330
         122           5          29          43        1331
         122           6          30          45        1332
         122           7          31          41        1333
         122           8          32          40        1334
         122           9          33          42        1335
         122          10          34          38        1336
         122          11          35          37        1337
         122          12          36          39        1338
         123           2          26          47        1340
         123           3          27          46        1341
         123           4          28          45        1342
         123           5          29          44        1343
         123           6          30          43        1344
         123           7          31          42        1345
         123           8          32          41        1346
         123           9          33          40        1347
         123          10          34          39        1348
         123          11          35          38        1349
         123          12          36          37        1350
         124           2          26          50        1352
         124           3          27          51        1353
         124           4          28          52        1354
         124           5          29          53        1355
         124           6          30          54        1356
         124           7          31          55        1357
         124           8          32          56        1358
         124           9          33          57        1359
         124          10          34          58        1360
         124          11          35          59        1361
         124          12          36          60        1362
         125           2          26          51        1364
         125           3          27          49        1365
         125           4          28          53        1366
         125           5          29          54        1367
         125           6          30          52        1368
         125           7          31          56        1369
         125           8          32          57        1370
         125           9          33          55        1371
         125          10          34          59        1372
         125          11          35          60        1373
         125          12          36          58        1374
         126           2          26          49        1376
         126           3          27          50        1377
         126           4          28          54        1378
         126           5          29          52        1379
         126           6          30          53        1380
         126           7          31          57        1381
         126           8          32          55        1382
         126           9          33          56        1383
         126          10          34          60        1384
         126          11          35          58        1385
         126          12          36          59        1386
         127           2          26          53        1388
         127           3          27          54        1389
         127           4          28          49        1390
         127           5          29          50        1391
         127           6          30          51        1392
         127           7          31          58        1393
         127           8          32          59        1394
         127           9          33          60        1395
         127          10          34          55        1396
         127          11          35          56        1397
         127          12          36          57        1398
         128           2          26          54        1400
         128           3          27          52        1401
         128           4          28          50        1402
         128           5          29          51        1403
         128           6          30          49        1404
         128           7          31          59        1405
         128           8          32          60        1406
         128           9          33          58        1407
         128          10          34          56        1408
         128          11          35          57        1409
         128          12          36          55        1410
         129           2          26          52        1412
         129           3          27          53        1413
         129           4          28          51        1414
         129           5          29          49        1415
         129           6          30          50        1416
         129           7          31          60        1417
         129           8          32          58        1418
         129           9          33          59        1419
         129          10          34          57        1420
         129          11          35          55        1421
         129          12          36          56        1422
         130           2          26          57        1424
         130           3          27          56        1425
         130           4          28          58        1426
         130           5          29          60        1427
         130           6          30          59        1428
         130           7          31          49        1429
         130           8          32          51        1430
         130           9          33          50        1431
         130          10          34          52        1432
         130          11          35          54        1433
         130          12          36          53        1434
         131           2          26          55        1436
         131           3          27          57        1437
         131           4          28          59        1438
         131           5          29          58        1439
         131           6          30          60        1440
         131           7          31          50        1441
         131           8          32          49        1442
         131           9          33          51        1443
         131          10          34          53        1444
         131          11          35          52        1445
         131          12          36          54        1446
         132           2          26          56        1448
         132           3          27          55        1449
         132           4          28          60        1450
         132           5          29          59        1451
         132           6          30          58        1452
         132           7          31          51        1453
         132           8          32          50        1454
         132           9          33          49        1455
         132          10          34          54        1456
         132          11          35          53        1457
         132          12          36          52        1458
         133           2          26          60        1460
         133           3          27          59        1461
         133           4          28          55        1462
         133           5          29          57        1463
         133           6          30          56        1464
         133           7          31          52        1465
         133           8          32          54        1466
         133           9          33          53        1467
         133          10          34          49        1468
         133          11          35          51        1469
         133          12          36          50        1470
         134           2          26          58        1472
         134           3          27          60        1473
         134           4          28          56        1474
         134           5          29          55        1475
         134           6          30          57        1476
         134           7          31          53        1477
         134           8          32          52        1478
         134           9          33          54        1479
         134          10          34          50        1480
         134          11          35          49        1481
         134          12          36          51        1482
         135           2          26          59        1484
         135           3          27          58        1485
         135           4          28          57        1486
         135           5          29          56        1487
         135           6          30          55        1488
         135           7          31          54        1489
         135           8          32          53        1490
         135           9          33          52        1491
         135          10          34          51        1492
         135          11          35          50        1493
         135          12          36          49        1494
         136           2          38          39        1496
         136           3          37          39        1497
         136           4          40          41        1498
         136           5          41          42        1499
         136           6          40          42        1500
         136           7          43          44        1501
         136           8          44          45        1502
         136           9          43          45        1503
         136          10          46          47        1504
         136          11          47          48        1505
         136          12          46          48        1506
         137           2          38          41        1508
         137           3          39          42        1509
         137           4          43          46        1510
         137           5          44          47        1511
         137           6          45          48        1512
         138           2          38          42        1514
         138           3          39          40        1515
         138           4          38          40        1516
         138           5          39          41        1517
         138           6          37          42        1518
         138           7          43          47        1519
         138           8          44          48        1520
         138           9          45          46        1521
         138          10          44          46        1522
         138          11          45          47        1523
         138          12          43          48        1524
         139           2          38          45        1526
         139           3          39          44        1527
         139           4          40          46        1528
         139           5          41          48        1529
         139           6          42          47        1530
         140           2          38          43        1532
         140           3          39          45        1533
         140           4          40          47        1534
         140           5          41          46        1535
         140           6          42          48        1536
         141           2          38          44        1538
         141           3          39          43        1539
         141           4          40          48        1540
         141           5          41          47        1541
         141           6          42          46        1542
         142           2          38          48        1544
         142           3          39          47        1545
         142           4          40          43        1546
         142           5          41          45        1547
         142           6          42          44        1548
         143           2          38          46        1550
         143           3          39          48        1551
         143           4          40          44        1552
         143           5          41          43        1553
         143           6          42          45        1554
         144           2          38          47        1556
         144           3          39          46        1557
         144           4          40          45        1558
         144           5          41          44        1559
         144           6          42          43        1560
         145           2          38          50        1562
         145           3          39          51        1563
         145           4          40          52        1564
         145           5          41          53        1565
         145           6          42          54        1566
         145           7          43          55        1567
         145           8          44          56        1568
         145           9          45          57        1569
         145          10          46          58        1570
         145          11          47          59        1571
         145          12          48          60        1572
         146           2          38          51        1574
         146           3          39          49        1575
         146           4          40          53        1576
         146           5          41          54        1577
         146           6          42          52        1578
         146           7          43          56        1579
         146           8          44          57        1580
         146           9          45          55        1581
         146          10          46          59        1582
         146          11          47          60        1583
         146          12          48          58        1584
         147           2          38          49        1586
         147           3          39          50        1587
         147           4          40          54        1588
         147           5          41          52        1589
         147           6          42          53        1590
         147           7          43          57        1591
         147           8          44          55        1592
         147           9          45          56        1593
         147          10          46          60        1594
         147          11          47          58        1595
         147          12          48          59        1596
         148           2          38          53        1598
         148           3          39          54        1599
         148           4          40          49        1600
         148           5          41          50        1601
         148           6          42          51        1602
         148           7          43          58        1603
         148           8          44          59        1604
         148           9          45          60        1605
         148          10          46          55        1606
         148          11          47          56        1607
         148          12          48          57        1608
         149           2          38          54        1610
         149           3          39          52        1611
         149           4          40          50        1612
         149           5          41          51        1613
         149           6          42          49        1614
         149           7          43          59        1615
         149           8          44          60        1616
         149           9          45          58        1617
         149          10          46          56        1618
         149          11          47          57        1619
         149          12          48          55        1620
         150           2          38          52        1622
         150           3          39          53        1623
         150           4          40          51        1624
         150           5          41          49        1625
         150           6          42          50        1626
         150           7          43          60        1627
         150           8          44          58        1628
         150           9          45          59        1629
         150          10          46          57        1630
         150          11          47          55        1631
         150          12          48          56        1632
         151           2          38          57        1634
         151           3          39          56        1635
         151           4          40          58        1636
         151           5          41          60        1637
         151           6          42          59        1638
         151           7          43          49        1639
         151           8          44          51        1640
         151           9          45          50        1641
         151          10          46          52        1642
         151          11          47          54        1643
         151          12          48          53        1644
         152           2          38          55        1646
         152           3          39          57        1647
         152           4          40          59        1648
         152           5          41          58        1649
         152           6          42          60        1650
         152           7          43          50        1651
         152           8          44          49        1652
         152           9          45          51        1653
         152          10          46          53        1654
         152          11          47          52        1655
         152          12          48          54        1656
         153           2          38          56        1658
         153           3          39          55        1659
         153           4          40          60        1660
         153           5          41          59        1661
         153           6          42          58        1662
         153           7          43          51        1663
         153           8          44          50        1664
         153           9          45          49        1665
         153          10          46          54        1666
         153          11          47          53        1667
         153          12          48          52        1668
         154           2          38          60        1670
         154           3          39          59        1671
         154           4          40          55        1672
         154           5          41          57        1673
         154           6          42          56        1674
         154           7          43          52        1675
         154           8          44          54        1676
         154           9          45          53        1677
         154          10          46          49        1678
         154          11          47          51        1679
         154          12          48          50        1680
         155           2          38          58        1682
         155           3          39          60        1683
         155           4          40          56        1684
         155           5          41          55        1685
         155           6          42          57        1686
         155           7          43          53        1687
         155           8          44          52        1688
         155           9          45          54        1689
         155          10          46          50        1690
         155          11          47          49        1691
         155          12          48          51        1692
         156           2          38          59        1694
         156           3          39          58        1695
         156           4          40          57        1696
         156           5          41          56        1697
         156           6          42          55        1698
         156           7          43          54        1699
         156           8          44          53        1700
         156           9          45          52        1701
         156          10          46          51        1702
         156          11          47          50        1703
         156          12          48          49        1704
         157           2          50          51        1706
         157           3          49          51        1707
         157           4          52          53        1708
         157           5          53          54        1709
         157           6          52          54        1710
         157           7          55          56        1711
         157           8          56          57        1712
         157           9          55          57        1713
         157          10          58          59        1714
         157          11          59          60        1715
         157          12          58          60        1716
         158           2          50          53        1718
         158           3          51          54        1719
         158           4          55          58        1720
         158           5          56          59        1721
         158           6          57          60        1722
         159           2          50          54        1724
         159           3          51          52        1725
         159           4          50          52        1726
         159           5          51          53        1727
         159           6          49          54        1728
         159           7          55          59        1729
         159           8          56          60        1730
         159           9          57          58        1731
         159          10          56          58        1732
         159          11          57          59        1733
         159          12          55          60        1734
         160           2          50          57        1736
         160           3          51          56        1737
         160           4          52          58        1738
         160           5          53          60        1739
         160           6          54          59        1740
         161           2          50          55        1742
         161           3          51          57        1743
         161           4          52          59        1744
         161           5          53          58        1745
         161           6          54          60        1746
         162           2          50          56        1748
         162           3          51          55        1749
         162           4          52          60        1750
         162           5          53          59        1751
         162           6          54          58        1752
         163           2          50          60        1754
         163           3          51          59        1755
         163           4          52          55        1756
         163           5          53          57        1757
         163           6          54          56        1758
         164           2          50          58        1760
         164           3          51          60        1761
         164           4          52          56        1762
         164           5          53          55        1763
         164           6          54          57        1764
         165           2          50          59        1766
         165           3          51          58        1767
         165           4          52          57        1768
         165           5          53          56        1769
         165           6          54          55        1770
