-7719.19325916 -7736.44922
-7719.72826324 -7730.44189
-7718.88644063 -7728.53467
-7719.21925728 -7728.70068
-7719.74839619 -7730.16699
-7719.05518251 -7728.83887
-7719.73494493 -7730.60986
-7718.96994539 -7727.96143
-7719.24830377 -7728.52783
-7720.07482060 -7737.46631
-7719.85264941 -7730.11133
-7720.03292270 -7730.23633
-7720.57963172 -7727.12451
-7720.03660234 -7730.75439
-7719.80920056 -7725.13721
-7719.95181578 -7731.77979
-7719.86133164 -7725.10742
-7719.87490041 -7725.20068
-7719.77677009 -7724.92480
-7720.37778055 -7732.91602
-7719.90010222 -7724.86963
-7719.78411880 -7724.90234
-7719.81789416 -7725.39648
-7718.42602728 -7725.46631
-7718.43241232 -7724.67725
-7718.94927793 -7724.52148
-7718.84176412 -7725.64648
-7718.43580090 -7725.54346
-7718.54569501 -7724.28955
-7718.59949867 -7723.34277
-7718.57513517 -7723.87012
