1 5.48657751 2.35306406 3.62105274 1.04559839 -7736.44922
2 4.82113218 1.54272211 3.51489162 0.888189912 -7730.44189
3 10300.5635 5758.29004 4026.16113 3462.19043 -7728.53467
4 3.90270162 0.892317414 3.07305980 8.56651813E-02 -7728.70068
5 4.18815231 1.22888970 3.11064816 5.12672067E-02 -7730.16699
6 3.75751424 0.697256744 3.05353689 2.73088496E-02 -7728.83887
7 4.42730379 1.54394257 3.04568624 6.59956858E-02 -7730.60986
8 3.86179423 0.872875333 3.06349277 4.28465046E-02 -7727.96143
9 4.07763052 0.794432223 3.36357713 0.588228762 -7728.52783
10 5.08446074 1.94335747 3.49625230 0.819516361 -7737.46631
11 5.54957533 2.41858959 3.69481158 1.10822034 -7730.11133
12 4.67316961 1.32115805 3.41080403 0.583035648 -7730.23633
13 5.30802202 1.69099236 3.71965456 1.10995770 -7727.12451
14 5.00265169 1.85474491 3.36228228 0.475035161 -7730.75439
15 4.48262548 1.49253511 3.01442480 7.75122456E-03 -7725.13721
16 4.88118172 2.03762746 3.03516197 4.78415983E-03 -7731.77979
17 4.26221991 1.31390810 3.04046869 1.03349658E-02 -7725.10742
18 4.04520082 1.01461697 3.10607886 5.55869117E-02 -7725.20068
19 4.17110300 1.22195327 3.10645342 3.87807228E-02 -7724.92480
20 4.63410950 1.62258029 3.10359383 4.65790629E-02 -7732.91602
21 4.55384731 1.71622849 3.08821201 2.70809066E-02 -7724.86963
22 4.32109499 1.43042040 3.04216981 6.51155561E-02 -7724.90234
23 5.39846373 2.25445366 3.34938478 0.489562780 -7725.39648
24 4.74698734 1.57813835 3.25535893 7.13158101E-02 -7725.46631
25 4.07873964 1.04367805 3.16919637 1.11345258E-02 -7724.67725
26 4.86727047 1.69149983 3.18202639 4.58048424E-03 -7724.52148
27 4.20694160 1.05838382 3.21800709 4.91493344E-02 -7725.64648
28 4.38955164 1.13899338 3.26416183 7.08865970E-02 -7725.54346
29 4.71794844 1.79963851 3.12614799 0.137809545 -7724.28955
30 4.39927387 1.25617373 3.13840055 0.140451968 -7723.34277
31 4.42841005 1.28037810 3.12580442 0.139354482 -7723.87012
