-7727.86809190
-7727.93603369
-7727.92960654
-7727.92811185
-7727.86385227
-7727.91842649
-7727.85248441
-7727.72411080
-7727.02926057
-7727.00149017
-7727.40188177
-7727.33000226
-7727.67390183
-7727.10509238
-7727.71685401
-7727.11322109
-7727.16569754
-7727.03573479
-7727.80865709
-7727.77113802
-7727.76689688
-7727.67093032
-7727.56557197
-7727.55040404
-7727.53144649
-7726.91899822
-7727.62620086
-7726.90245332
-7726.97787944
-7726.90146938
-7727.56196860
-7727.58199495
-7727.57541062
-7727.61531888
-7727.47790044
-7727.50376282
-7727.44830648
-7727.01364849
-7727.50283863
-7727.01813141
-7726.90917608
-7726.89787998
-7727.51050309
-7727.49621686
-7727.46422779
-7727.50363478
-7726.87372284
-7726.86457021
-7726.98019576
-7726.97843834
-7726.96697925
-7726.94912534
-7726.92203939
-7726.91191923
-7726.98410438
-7726.97970449
-7726.97624980
-7726.98262416
-7727.80883262
-7727.84891674
-7727.09393499
-7727.40424157
-7727.69882225
-7727.13160719
-7727.78526298
-7727.09895896
-7727.75439017
-7727.65060161
-7727.58985933
-7726.91890078
-7727.59373714
-7726.90093065
-7727.63618857
-7727.54121270
-7727.53084146
-7727.04921631
-7727.55203127
-7726.93804895
-7727.51407373
-7726.89970826
-7726.98914096
-7727.01091311
-7727.02121073
-7726.94700268
-7727.00900413
-7727.77754511
-7727.11064341
-7727.86615305
-7727.87243083
-7727.82655162
-7727.03036393
-7726.96164013
-7727.68037724
-7727.77737251
-7727.75512890
-7727.45200527
-7727.11280206
-7727.88408757
-7726.98734096
-7727.76356337
-7727.14560522
-7727.85339181
-7727.78439481
-7726.91463486
-7727.61602374
-7727.60395275
-7727.62858604
-7727.62677698
-7726.93581407
-7727.56291951
-7726.91310597
-7727.64363868
-7727.02455846
-7727.60375977
-7727.59534114
-7727.02428424
-7727.51503927
-7727.49894559
-7727.47956156
-7727.55609364
-7727.05216459
-7727.51636435
-7726.93093220
-7727.55521791
-7726.93717974
-7727.51105009
-7727.51876373
-7726.90310412
-7727.01180359
-7727.00439225
-7727.02566483
-7726.88274344
-7726.99970786
-7727.01592092
-7726.95677614
-7727.01687031
-7726.95433510
-7727.00980993
-7727.01898926
-7727.42227021
-7727.08571003
-7727.72683348
-7727.64826153
-7727.76520821
-7726.95430375
-7727.52037558
-7726.96053393
-7727.53758178
-7727.59725949
-7727.53888800
-7726.87885014
-7727.49008307
-7726.87683833
-7727.42610689
-7727.47421659
-7727.45340795
-7726.98067213
-7726.85028250
-7726.88460723
-7726.94694943
-7726.95568070
-7726.92209381
-7726.93949284
-7727.00372642
-7727.73523916
-7727.82864743
-7727.81501481
-7727.74524393
-7727.11659996
-7727.02939816
-7727.60050765
-7727.56770679
-7727.63024649
-7727.63880534
-7726.91062092
-7726.95112148
-7727.53250849
-7727.50362890
-7727.50215347
-7727.52721914
-7727.05746003
-7726.84097914
-7727.00282866
-7727.02554700
-7727.01784550
-7726.99595127
-7727.01550545
-7727.44008928
-7727.73661795
-7727.16504343
-7727.69760462
-7727.72003388
-7727.05589209
-7727.61299221
-7727.53134173
-7727.00964509
-7727.64810795
-7727.62646951
-7726.91713826
-7727.53422453
-7727.51350577
-7726.91810510
-7727.48909157
-7727.54233681
-7727.03544690
-7726.88328393
-7726.99513460
-7726.94373316
-7727.00038321
-7726.98167193
-7726.98609804
-7727.29594291
-7727.67351553
-7727.64594337
-7727.71504229
-7727.10019422
-7726.81655973
-7727.53955279
-7727.47474065
-7727.51659932
-7727.52955913
-7726.94950169
-7726.86313352
-7727.47646302
-7727.41100544
-7727.38705655
-7727.43973755
-7726.86025339
-7726.81146566
-7726.82528515
-7726.91328224
-7726.92813317
-7726.93337804
-7726.85536365
-7726.91838946
-7727.36776098
-7727.53806172
-7727.61474643
-7727.05552407
-7727.66992779
-7726.80685299
-7727.47463222
-7727.46907462
-7727.48700887
-7726.93105413
-7727.51156687
-7726.78957713
-7727.41185262
-7727.37796308
-7727.38691899
-7726.82308973
-7727.42100728
-7726.93424413
-7726.78157885
-7726.88179404
-7726.90000614
-7726.83700923
-7726.86669217
-7726.88810698
-7726.74482590
-7726.88929539
-7727.00488161
-7726.97137261
-7727.01892542
-7726.30597852
-7726.78409609
-7726.77092960
-7726.75241324
-7726.79271189
-7726.74886187
-7726.05455350
-7726.65420083
-7726.70564825
-7726.66947521
-7726.70033928
-7726.69410301
-7726.10044412
-7726.09198984
-7726.19058499
-7726.17637461
-7726.18135982
-7726.19999315
-7726.13024635
-7727.26852119
-7727.34298828
-7727.36335036
-7727.35628212
-7726.77234517
-7727.35350004
-7726.90225885
-7727.32588529
-7726.82550557
-7727.30307635
-7727.23217711
-7726.57822212
-7727.12197023
-7727.11217562
-7727.15966285
-7727.15990346
-7726.56531028
-7727.11617446
-7726.63278327
-7727.13270121
-7726.72871044
-7727.12448345
-7727.15356012
-7726.55371286
-7727.04491000
-7727.02469229
-7727.02505862
-7727.07189549
-7726.58818878
-7727.04860852
-7726.52019193
-7727.04352766
-7726.59453770
-7727.03314465
-7727.04876582
-7726.31438909
-7726.52512050
-7726.55060406
-7726.55130955
-7726.57244887
-7726.54182479
-7726.55946825
-7726.45150239
-7726.56189290
-7726.53822486
-7726.54973759
-7726.51235251
-7727.60946541
-7727.58816368
-7727.65175036
-7726.92554088
-7727.77436061
-7726.92669154
-7727.59736308
-7727.47347098
-7727.61457623
-7726.96306236
-7727.40627799
-7726.82653226
-7727.40233927
-7727.48201203
-7727.40417322
-7726.68556030
-7727.39470949
-7726.76915307
-7727.42598377
-7727.42495290
-7727.38952774
-7726.88451443
-7727.36320403
-7726.68528122
-7727.28612215
-7727.36893937
-7727.31417075
-7726.71245349
-7727.35020009
-7726.67736430
-7727.31115645
-7727.34210625
-7727.31102463
-7726.81400284
-7726.71825153
-7726.69822867
-7726.81024626
-7726.81852793
-7726.79709104
-7726.86700494
-7726.78922109
-7726.79247579
-7726.81814709
-7726.83133457
-7726.78251692
-7726.80319723
-7727.66420556
-7727.68368190
-7727.01736494
-7727.70406840
-7727.06486306
-7727.81498821
-7727.59233623
-7727.08932995
-7727.54494695
-7727.49838280
-7727.44018265
-7726.86627341
-7727.52218856
-7727.53392274
-7726.71458041
-7727.43394792
-7726.83028823
-7727.50989932
-7727.49842846
-7726.89961848
-7727.49344276
-7727.41915554
-7727.40039173
-7726.73145751
-7727.39638234
-7727.46254052
-7726.92416912
-7727.38892388
-7726.81858332
-7727.41708250
-7727.42345643
-7726.84879289
-7727.37677808
-7726.76943689
-7726.87899426
-7726.78111104
-7726.94020838
-7726.86466536
-7726.88208430
-7726.91336062
-7726.83392647
-7726.84386031
-7726.86436120
-7726.87166558
-7726.89617165
-7727.65712769
-7726.94906406
-7727.08297361
-7727.00783991
-7727.62470085
-7727.59174445
-7727.82937424
-7727.58913792
-7727.44578883
-7727.43298128
-7727.48126342
-7726.93763852
-7727.48251433
-7726.77317997
-7726.85349781
-7726.81828988
-7727.46879587
-7727.48197137
-7727.45541384
-7727.45550620
-7727.37617696
-7727.37011835
-7727.39000352
-7726.71309684
-7727.38600978
-7726.90727645
-7726.90507957
-7726.78906520
-7727.38716871
-7727.37656439
-7727.36950960
-7727.34603757
-7726.76208533
-7726.90399795
-7726.86648882
-7726.75868503
-7726.83448651
-7726.85598987
-7726.85460596
-7726.81468204
-7726.83006660
-7726.87664190
-7726.82335455
-7726.88668487
-7726.76371342
-7727.63350940
-7726.86686571
-7727.06643445
-7727.75863623
-7727.70791963
-7727.60680504
-7727.53682209
-7727.42776887
-7727.46546160
-7727.50898620
-7726.90634816
-7726.74685317
-7727.45049625
-7726.83828989
-7726.91002339
-7727.51911987
-7727.44449973
-7727.49913421
-7727.47866947
-7727.36369369
-7727.35988055
-7727.40281844
-7726.74364729
-7726.75658275
-7727.40051273
-7726.74464580
-7726.87727606
-7727.43866614
-7727.36275823
-7727.36123239
-7726.78357838
-7726.87873488
-7726.93745269
-7726.88644508
-7726.75491736
-7726.87049611
-7726.89766851
-7726.80912482
-7726.86624198
-7726.86088458
-7726.90295572
-7726.89073168
-7727.04782960
-7726.28773173
-7727.00810870
-7726.96953309
-7727.07864943
-7727.04272460
-7726.83957137
-7726.74949268
-7726.81509063
-7726.83082704
-7726.82940115
-7726.06076529
-7726.79160512
-7726.15770040
-7726.82307648
-7726.84694609
-7726.79445195
-7726.76440681
-7726.75381341
-7726.70418495
-7726.69223748
-7726.72429975
-7726.74358414
-7726.00389319
-7726.73253829
-7726.10580937
-7726.74392973
-7726.76371214
-7726.71337783
-7726.70961955
-7726.13389432
-7726.23274368
-7726.23182432
-7726.22596415
-7726.20596300
-7726.17888925
-7726.20636422
-7726.16902191
-7726.22140470
-7726.23542623
-7726.22773922
-7726.24100581
-7727.00760040
-7727.74917564
-7727.73958389
-7727.79531317
-7727.69897841
-7727.54288999
-7727.51831287
-7727.49836709
-7726.96191820
-7727.54118332
-7726.78141878
-7726.96784686
-7726.85630878
-7727.53807649
-7727.52832408
-7727.51635639
-7727.58167217
-7727.45124051
-7727.46107938
-7727.39316561
-7726.96887615
-7727.45597062
-7726.97355972
-7726.78493990
-7726.85536930
-7727.46467650
-7727.44260104
-7727.43281871
-7727.48952988
-7726.83150415
-7726.89451867
-7726.96823021
-7726.92942150
-7726.92904854
-7726.89987756
-7726.83134886
-7726.86618463
-7726.93383088
-7726.94225618
-7726.98634782
-7726.93366603
-7726.99935962
-7726.96526477
-7727.03391696
-7726.96521200
-7726.78418861
-7726.84382018
-7726.77115797
-7726.78095194
-7726.76672655
-7726.09193835
-7726.66859453
-7726.24478576
-7726.78237491
-7726.76877645
-7726.86072386
-7726.70302790
-7726.76646278
-7726.78365212
-7726.66196568
-7726.68957713
-7726.68613887
-7726.14974614
-7726.61670963
-7726.02094446
-7726.68626441
-7726.74632058
-7726.65843443
-7726.68837068
-7726.05805640
-7726.21472168
-7726.18587264
-7726.10234259
-7726.16605414
-7726.26598903
-7726.27666750
-7726.18173716
-7726.17469748
-7726.16776344
-7726.09662946
-7726.25259898
-7727.67534599
-7727.76315500
-7727.70744085
-7727.49515095
-7727.47952284
-7727.49878173
-7727.53363684
-7726.91517252
-7726.75464025
-7727.48306242
-7726.82468167
-7726.90395232
-7727.52465975
-7727.52185289
-7727.49422028
-7727.43285095
-7727.38961908
-7727.39379611
-7727.41624307
-7726.88164235
-7726.93915315
-7727.42573303
-7726.76522378
-7726.74855786
-7727.44780884
-7727.44982335
-7727.38111799
-7726.81242151
-7726.90821187
-7726.87719403
-7726.88526043
-7726.88149445
-7726.91156997
-7726.90280160
-7726.84556978
-7726.79757177
-7726.95798062
-7726.90286296
-7726.90844828
-7727.70793268
-7727.60664674
-7726.84398809
-7727.41918587
-7727.42246261
-7727.48924744
-7727.46992528
-7726.74557347
-7727.39219406
-7726.79145370
-7727.48775259
-7726.88853089
-7727.44021619
-7727.45436545
-7726.86678031
-7727.35082527
-7727.32729907
-7727.33374337
-7727.39521727
-7726.88879105
-7727.34706058
-7726.71562318
-7727.41790526
-7726.71414772
-7727.34093915
-7727.36348240
-7726.71456376
-7726.85435606
-7726.83595655
-7726.86277259
-7726.79332097
-7726.86568316
-7726.85926286
-7726.83677886
-7726.84899176
-7726.74083357
-7726.84233187
-7726.84905221
-7727.70489607
-7727.54377084
-7727.50709547
-7726.93446757
-7727.59063932
-7727.53538279
-7726.87653474
-7727.54745278
-7726.81523761
-7727.55774246
-7727.55504165
-7727.00282875
-7727.56746241
-7727.47105919
-7727.45712985
-7726.98086869
-7727.46823619
-7727.45691540
-7726.98578794
-7727.52038973
-7726.86498798
-7727.46317901
-7727.48915451
-7726.78811956
-7727.43877591
-7726.84064075
-7726.91624226
-7726.94519553
-7726.90818424
-7726.95616562
-7726.94897840
-7726.95241869
-7726.88704993
-7726.99710463
-7726.94985184
-7726.82991642
-7726.93782783
-7727.44046683
-7726.84976905
-7727.42233048
-7727.46682496
-7727.46069669
-7726.70973452
-7727.41548218
-7726.82616389
-7727.43384411
-7727.48544298
-7727.41796572
-7726.90897803
-7727.38542203
-7726.88148332
-7727.31230935
-7727.33923082
-7727.35363644
-7726.73236681
-7727.37063083
-7726.73139667
-7727.33911729
-7727.37681131
-7727.35334449
-7726.69029796
-7726.70480356
-7726.83406406
-7726.86657433
-7726.87641143
-7726.83629217
-7726.79979989
-7726.90518725
-7726.78075328
-7726.84725218
-7726.84089476
-7726.84644095
-7726.73254641
-7727.29133804
-7727.30219329
-7727.35029833
-7727.31511536
-7726.63358703
-7727.26214639
-7726.59278794
-7727.27777367
-7726.67666090
-7727.20691630
-7727.28770045
-7726.67479485
-7727.20231028
-7727.12727696
-7727.18967613
-7726.98772135
-7726.74300582
-7727.25042542
-7726.63730706
-7727.20068430
-7726.70991538
-7727.19708722
-7727.20756051
-7726.60000233
-7726.69112152
-7726.70324069
-7726.71491443
-7726.61582103
-7726.68934766
-7726.70545389
-7726.60162183
-7726.72508767
-7726.74496161
-7726.70433915
-7726.71068175
-7727.26851324
-7727.29720001
-7727.29172502
-7726.57882358
-7727.20301737
-7726.56502938
-7727.26717481
-7727.20865355
-7727.22064445
-7726.69222196
-7727.15377777
-7726.66192405
-7727.13857311
-7727.13282986
-7727.17506944
-7726.65891111
-7727.20904137
-7726.58839727
-7727.21219555
-7727.20561380
-7727.16587074
-7726.67296742
-7726.54950873
-7726.66105856
-7726.66829851
-7726.66943219
-7726.65803892
-7726.59723626
-7726.64619397
-7726.63196955
-7726.66108603
-7726.67459829
-7726.67136396
-7726.70546965
-7727.31501435
-7727.28474427
-7726.52444419
-7727.20835901
-7726.60789099
-7727.25554673
-7727.26747097
-7726.67314081
-7727.21486563
-7727.21209838
-7727.13064229
-7726.67023342
-7726.94797602
-7727.16196091
-7726.71589429
-7727.17789808
-7726.61919796
-7727.21695729
-7727.21482735
-7726.68748541
-7727.17991626
-7726.56524081
-7726.66686486
-7726.68396759
-7726.61213954
-7726.65760901
-7726.67696334
-7726.71165251
-7726.61421060
-7726.64903987
-7726.69085352
-7726.70099273
-7726.68125559
-7727.36543194
-7726.66016903
-7726.69622883
-7726.75267490
-7727.31782193
-7727.34401434
-7727.28071912
-7727.31417065
-7727.25046485
-7727.00049224
-7727.16769518
-7726.71587868
-7727.25623954
-7726.76635865
-7726.74017184
-7726.66063832
-7727.25621338
-7727.29342404
-7727.25322386
-7727.21073674
-7726.62719571
-7726.65708460
-7726.73626172
-7726.73712773
-7726.70958327
-7726.71923055
-7726.76900893
-7726.67149385
-7726.73732095
-7726.73338070
-7726.70118746
-7726.76171316
-7726.62349566
-7727.20380995
-7726.59850216
-7726.69263474
-7727.29268356
-7727.25409878
-7727.31571736
-7727.20591485
-7727.19842261
-7726.95106178
-7727.16663880
-7726.69916816
-7726.75404068
-7727.23465716
-7726.63409423
-7726.70983538
-7727.26674505
-7727.18161037
-7727.23621879
-7726.59669637
-7726.71010447
-7726.64330470
-7726.70754377
-7726.69077990
-7726.69419269
-7726.71892417
-7726.65478126
-7726.73698486
-7726.68275803
-7726.73284175
-7726.70538755
-7726.49886912
-7725.98285114
-7726.62844927
-7726.60534080
-7726.60508919
-7726.63260574
-7726.48648166
-7726.51937854
-7726.49224752
-7726.53578836
-7726.52789743
-7725.89419156
-7726.53756367
-7725.91643902
-7726.53834081
-7726.55677393
-7726.45102620
-7726.44731837
-7725.75853962
-7726.01557144
-7726.03154858
-7726.01986339
-7725.98391280
-7726.01108513
-7726.02430293
-7725.94209648
-7725.93684718
-7726.04401868
-7726.01408103
-7726.01324399
-7726.64440041
-7727.29933806
-7727.29717448
-7727.24442620
-7727.27286857
-7727.23028816
-7727.19294158
-7727.11695461
-7726.66663568
-7727.19432520
-7726.54384063
-7726.64579785
-7726.53386258
-7727.13498943
-7727.18381810
-7726.92451517
-7727.12683403
-7726.55698719
-7726.62518638
-7726.69642350
-7726.70580492
-7726.65118949
-7726.66678655
-7726.67624344
-7726.60521623
-7726.65633637
-7726.67921037
-7726.58911717
-7726.65993064
-7726.64777782
-7726.60295949
-7726.62525001
-7726.63672823
-7726.53764896
-7726.51251474
-7726.55130756
-7726.54551664
-7726.53994048
-7726.11472384
-7726.49482829
-7725.92729594
-7726.53469097
-7726.51236433
-7726.51381466
-7726.54919603
-7725.91980572
-7726.05678692
-7726.02434424
-7726.03250129
-7726.04379242
-7726.05497500
-7726.02196466
-7725.99182956
-7726.02688968
-7726.01529198
-7726.03313833
-7725.96025534
-7727.32800608
-7727.28819597
-7727.33419299
-7727.21812962
-7727.24226991
-7727.20533678
-7727.21862812
-7726.70806744
-7726.54262090
-7727.22606152
-7726.62685995
-7726.67734912
-7727.00054390
-7727.16319684
-7727.18848856
-7726.63356168
-7726.69742474
-7726.68174067
-7726.72188972
-7726.72471404
-7726.70767535
-7726.71003482
-7726.64734295
-7726.71159615
-7726.64144657
-7726.70366794
-7726.71331084
-7727.32005168
-7727.35255865
-7726.68520200
-7727.22556524
-7727.19293165
-7727.25161315
-7727.26767295
-7726.74120323
-7727.22135655
-7726.54563236
-7727.19359752
-7726.70146499
-7727.20696586
-7727.16360274
-7726.63409744
-7726.71011229
-7726.73132152
-7726.71482633
-7726.66136944
-7726.74307860
-7726.72782418
-7726.60416158
-7726.70832124
-7726.72211313
-7726.70787417
-7726.70494711
-7727.31331641
-7727.21386620
-7727.18849764
-7726.68555511
-7727.20917439
-7727.18266683
-7726.55521954
-7727.16056883
-7726.60385168
-7726.96024443
-7727.16344002
-7726.67629122
-7727.17556101
-7726.57597734
-7726.67815859
-7726.71915408
-7726.65081652
-7726.68293292
-7726.66630903
-7726.67979286
-7726.62759180
-7726.59809613
-7726.67483390
-7726.67610508
-7726.66961228
-7727.24711864
-7726.70996789
-7727.18546120
-7727.19359178
-7727.26593618
-7726.57653125
-7727.00022274
-7726.63290496
-7727.21330241
-7727.24061845
-7727.15963515
-7726.69210982
-7726.60721245
-7726.73955853
-7726.72025513
-7726.73792787
-7726.68667042
-7726.67138954
-7726.63718362
-7726.64377540
-7726.71405186
-7726.70849967
-7726.69998582
-7726.70970812
-7727.13252365
-7727.10835614
-7727.17292138
-7727.14848480
-7726.67652468
-7727.15646564
-7726.56741740
-7727.11810494
-7726.58696920
-7727.13268342
-7727.09738026
-7726.43897507
-7726.64521669
-7726.63557753
-7726.63677686
-7726.67524012
-7726.62720408
-7726.63677828
-7726.54709421
-7726.64583090
-7726.66249080
-7726.62421832
-7726.66917375
-7727.07415626
-7727.10403844
-7727.16572843
-7726.65197106
-7727.09671185
-7726.52657990
-7727.12280391
-7727.14131712
-7727.05389403
-7726.56817313
-7726.48423397
-7726.49114007
-7726.62659258
-7726.61413648
-7726.58340370
-7726.65552402
-7726.58687222
-7726.55250411
-7726.59813507
-7726.59920001
-7726.63549904
-7726.64048229
-7727.06705708
-7727.09326616
-7726.47470527
-7727.05555972
-7726.43740388
-7727.06201188
-7727.06288208
-7726.56929656
-7727.07598196
-7726.47932224
-7726.56078295
-7726.46989330
-7726.63580847
-7726.56079494
-7726.56332858
-7726.59119697
-7726.51266387
-7726.54335610
-7726.60968601
-7726.60624295
-7726.56146904
-7727.12760660
-7726.63715083
-7726.57803598
-7726.54427332
-7727.07799895
-7727.14018477
-7727.07709815
-7727.06922778
-7726.49556949
-7726.65835291
-7726.61595195
-7726.49881932
-7726.60109708
-7726.59144440
-7726.64280078
-7726.53611496
-7726.63700880
-7726.60641286
-7726.57896570
-7726.61491995
-7726.66951530
-7727.15029820
-7726.55042903
-7726.58496981
-7727.13354622
-7727.07933174
-7727.12369487
-7726.51155338
-7726.61623680
-7726.69191167
-7726.62389535
-7726.49574834
-7726.63323842
-7726.62289004
-7726.59636102
-7726.65034008
-7726.60190871
-7726.63542854
-7726.62093140
-7726.66519818
-7726.05871090
-7726.66515367
-7726.67125917
-7726.63072683
-7726.63736903
-7725.91990496
-7726.13211267
-7726.15045941
-7726.15435829
-7726.12069087
-7725.82410200
-7726.16069025
-7725.93452761
-7726.13840419
-7726.15438572
-7726.14221092
-7725.93076096
-7726.55647056
-7727.13509655
-7727.18863124
-7727.11036330
-7727.10864280
-7726.51024188
-7726.58774081
-7726.64244111
-7726.65594255
-7726.59328695
-7726.65094241
-7726.52110457
-7726.57704207
-7726.61211010
-7726.62466893
-7726.67919476
-7726.62864664
-7726.53753049
-7726.57763760
-7726.53155251
-7726.47061259
-7725.81248842
-7726.03693888
-7726.03945308
-7726.03510101
-7725.96934040
-7725.95085262
-7726.03222907
-7725.77319968
-7726.03899182
-7726.02722221
-7726.03213302
-7726.00269408
-7727.14187780
-7727.10065190
-7727.14851851
-7726.52447824
-7726.60777064
-7726.59694093
-7726.65390407
-7726.63189342
-7726.60065533
-7726.63647762
-7726.55373209
-7726.50984165
-7726.68274690
-7726.61781451
-7726.61461265
-7727.12427180
-7727.12924546
-7726.55306008
-7726.61557714
-7726.67035643
-7726.63344241
-7726.58725491
-7726.64225096
-7726.63651314
-7726.62633702
-7726.63000715
-7726.52182173
-7726.64328513
-7726.62629480
-7727.09281295
-7726.48240221
-7726.61917261
-7726.63304494
-7726.56956955
-7726.58738079
-7726.58290953
-7726.59945298
-7726.53314063
-7726.65036278
-7726.59380761
-7726.48603820
-7726.60571503
-7726.52774816
-7726.63013124
-7726.59482311
-7726.61484118
-7726.57776540
-7726.57347954
-7726.66544938
-7726.55352027
-7726.59361707
-7726.61651401
-7726.58910964
-7726.50621170
-7725.99375445
-7726.00825239
-7726.00095041
-7725.93205923
-7725.95413654
-7726.00002446
-7725.75564670
-7725.98072909
-7725.91722763
-7725.99583819
-7726.01920918
-7726.11082207
-7726.06268988
-7726.08014243
-7726.04672119
-7725.90340579
-7726.02395578
-7726.09257288
-7726.10436158
-7726.12470432
-7726.00865589
-7726.07359995
-7726.05602042
-7726.10600240
-7726.10283552
-7726.04938842
-7725.89893618
-7726.14555873
-7726.01611821
-7726.11415315
-7726.09803101
-7726.10697149
-7726.02792161
-7726.05371176
-7726.13807066
-7726.11159157
-7725.89604368
-7726.09539290
-7726.08426480
-7726.09530982
-7726.05620059
-7725.99424754
-7725.88771696
-7726.07293769
-7726.08325667
-7726.12967237
-7725.95246355
-7726.09671038
-7726.08658366
-7726.09287220
-7725.88668829
-7726.05670706
-7726.11331728
-7726.11584819
-7726.06123581
-7726.06289820
-7726.04716443
-7726.02182802
-7726.04300577
-7726.00079927
-7726.06255841
-7726.05307116
-7726.10247680
-7726.11195171
-7726.11363411
-7726.10691125
-7727.68565825
-7727.73389250
-7727.73636943
-7727.69337447
-7727.76755714
-7727.76173090
-7727.62478793
-7726.97929330
-7727.53683760
-7726.95024083
-7726.89709001
-7726.91222106
-7727.45562556
-7727.47040161
-7727.43580315
-7727.48741954
-7727.47135476
-7727.44611999
-7727.44162794
-7726.85303846
-7727.44628329
-7726.85717743
-7726.70277999
-7726.66306539
-7727.37809764
-7727.39518757
-7727.34574208
-7727.42121162
-7727.36459484
-7727.37126820
-7727.33338164
-7726.88682648
-7727.36734812
-7726.80014602
-7726.74902164
-7726.74271365
-7726.85175433
-7726.86079275
-7726.91425595
-7726.90980135
-7726.82976172
-7726.84814192
-7726.89100974
-7726.86029948
-7726.84496568
-7726.82723473
-7727.05670631
-7727.74568002
-7727.64709796
-7726.94847906
-7727.51092301
-7727.52564385
-7726.91742143
-7727.50765415
-7727.47729421
-7726.74208550
-7727.41383657
-7727.47774803
-7726.94242688
-7727.42138784
-7727.40408978
-7726.79542530
-7726.94954287
-7726.90458703
-7726.90251844
-7726.87525175
-7726.90882172
-7727.56107414
-7727.73129858
-7727.00378946
-7727.11884770
-7727.56110127
-7727.60586020
-7726.93253530
-7727.44491618
-7727.45131696
-7727.42704817
-7726.90607667
-7727.50438000
-7727.45765875
-7727.46451617
-7726.83926425
-7726.85836525
-7727.43630625
-7727.45617863
-7726.72086352
-7727.34387811
-7727.38637516
-7727.36095562
-7726.72254383
-7727.41904427
-7727.34415997
-7727.39648820
-7726.89526632
-7726.89683586
-7727.35374330
-7727.35629682
-7726.75515116
-7726.85879599
-7726.91652068
-7726.86624778
-7726.81022186
-7726.85520427
-7726.88138162
-7726.80467358
-7726.88588190
-7726.81356998
-7726.89671426
-7726.84697929
-7726.89817571
-7727.44624063
-7727.39182484
-7726.82955771
-7727.42091607
-7727.45532541
-7726.67980164
-7727.34675885
-7727.33366691
-7726.86573430
-7727.33506988
-7727.39491432
-7726.72186658
-7726.77671851
-7726.84578406
-7726.81672813
-7726.88373182
-7726.79437228
-7727.00822566
-7727.55652757
-7727.55864334
-7727.54209304
-7727.56316816
-7726.99588512
-7726.79390180
-7727.46006223
-7727.46953137
-7727.44814224
-7727.48932615
-7727.01258697
-7726.82291951
-7726.97946253
-7726.97393444
-7726.97908394
-7726.98207791
-7726.94656643
-7726.84536604
-7727.43700563
-7727.42717537
-7727.39796987
-7726.82621486
-7727.45250267
-7726.67701587
-7727.31276937
-7727.36452196
-7727.31811291
-7726.80310628
-7727.38511441
-7726.73418734
-7726.82658209
-7726.79123881
-7726.80131084
-7726.85784461
-7726.83595717
-7726.17206315
-7726.77101783
-7726.78260070
-7726.80069535
-7726.80977459
-7726.82148912
-7726.03519975
-7726.70559229
-7726.68277678
-7726.68229962
-7726.70083250
-7726.75002108
-7726.13409436
-7726.20154154
-7726.14584179
-7726.17805673
-7726.24507332
-7726.22731408
-7726.81352862
-7727.36127134
-7726.80753046
-7727.34907054
-7727.34132716
-7727.40101924
-7726.60679752
-7727.27310443
-7726.78373303
-7727.26057501
-7727.25782705
-7727.30134011
-7726.66510914
-7726.72174238
-7726.74636167
-7726.73027101
-7726.82584074
-7726.76746790
-7726.85644358
-7726.81706131
-7727.38770332
-7727.36120128
-7727.40704708
-7727.44124026
-7726.65471102
-7726.78868824
-7727.31991178
-7727.27397917
-7727.29670391
-7727.37067867
-7726.66453278
-7726.78238252
-7726.80974782
-7726.82735330
-7726.86001421
-7726.76888835
-7726.70549100
-7726.67332646
-7726.65658661
-7726.70088059
-7726.71215180
-7726.70021654
-7726.70644048
-7726.64153288
-7726.04674655
-7726.69249829
-7726.67746072
-7725.86201508
-7726.61208658
-7726.60396027
-7726.57808327
-7726.54748374
-7726.65084574
-7726.58150159
-7726.54219021
-7726.58920401
-7726.08490652
-7726.59841954
-7726.60483041
-7725.99396365
-7726.08293139
-7726.06156264
-7726.10035745
-7725.97769421
-7726.09668317
-7726.09749579
-7726.05786550
-7726.11913133
-7726.06341969
-7726.08879326
-7726.06791917
-7727.25507275
-7727.21999526
-7727.25758273
-7727.27581226
-7727.21326161
-7727.22120925
-7727.21342705
-7726.64547733
-7727.21227310
-7726.61974225
-7726.47604623
-7726.62566743
-7727.16448941
-7727.09113753
-7727.14044593
-7726.96747206
-7727.15726306
-7727.15324023
-7727.16770297
-7726.68690169
-7727.15379374
-7726.64439187
-7726.52977019
-7726.64049270
-7726.64065508
-7726.64359272
-7726.70202039
-7726.56570948
-7726.61933420
-7726.63626403
-7726.66504939
-7726.63709888
-7726.66314018
-7726.65291595
-7727.19474199
-7727.22537919
-7727.27010021
-7727.19222390
-7727.22842406
-7727.17080372
-7726.62203830
-7726.60285623
-7727.14337705
-7726.47636658
-7727.08545840
-7726.61927031
-7726.87943809
-7727.09887689
-7727.17217360
-7727.09043759
-7727.18021730
-7727.14566634
-7726.66202844
-7726.62137478
-7727.14360223
-7726.50743439
-7726.60899445
-7726.62918675
-7726.55116149
-7726.67288443
-7726.63174134
-7726.65614038
-7726.58485654
-7726.61692677
-7726.62097836
-7726.67509860
-7726.60138186
-7727.23399241
-7727.27058418
-7726.61899591
-7727.14950375
-7727.16656767
-7726.63074823
-7727.17432503
-7727.16974948
-7726.45769880
-7726.88461837
-7727.09382243
-7726.60513710
-7727.12454448
-7727.12525291
-7726.62248339
-7727.14056148
-7727.11084867
-7726.66008832
-7727.13999212
-7727.10654395
-7726.51265650
-7726.52773991
-7726.60937868
-7726.61744390
-7726.65736351
-7726.60356834
-7726.65503422
-7726.58206631
-7726.64460731
-7726.59622687
-7726.59078186
-7726.61008210
-7727.29233423
-7727.16338916
-7727.22137183
-7726.59812882
-7726.64536037
-7727.19627120
-7727.22197309
-7726.47778049
-7727.12880403
-7726.91748553
-7727.07647004
-7726.63336933
-7727.19451911
-7727.12833968
-7727.16628220
-7726.63626452
-7726.67218189
-7727.11817338
-7727.18003045
-7726.52140549
-7726.63550166
-7726.55855387
-7726.63251060
-7726.69021064
-7726.63168452
-7726.64777886
-7726.60736179
-7726.69342263
-7726.59291023
-7726.66977168
-7726.60688169
-7727.24308065
-7726.64169482
-7727.17891536
-7726.63925700
-7727.25628764
-7727.23085990
-7726.44327289
-7727.14254702
-7727.17509516
-7727.15257927
-7727.13862649
-7726.65697404
-7727.16868522
-7726.67120382
-7727.17163209
-7726.69191984
-7727.20216632
-7727.20923731
-7726.52032162
-7726.65840697
-7726.67663309
-7726.66871371
-7726.70823082
-7726.67429971
-7726.68618406
-7726.67909493
-7726.69390355
-7726.68975905
-7726.67574543
-7726.60666398
-7727.26905663
-7727.23990347
-7726.63317780
-7727.23448089
-7727.22751852
-7726.49538944
-7727.16950082
-7727.14181700
-7726.64493763
-7727.15331341
-7727.20631514
-7726.63488459
-7727.16214482
-7727.08572909
-7726.67200426
-7726.90530316
-7727.11437486
-7726.52300337
-7726.60260428
-7726.66582633
-7726.66945826
-7726.69372409
-7726.64457784
-7726.64517428
-7726.59380444
-7726.65724459
-7726.63484604
-7726.57809000
-7726.60801982
-7727.24971903
-7726.66708128
-7727.25545551
-7727.24084159
-7726.48022686
-7727.13403964
-7727.19745522
-7727.13598085
-7727.16763789
-7726.65949787
-7727.08819789
-7726.62735945
-7727.13983260
-7726.68594650
-7727.13483884
-7726.92787754
-7726.49587635
-7726.66547440
-7726.64591097
-7726.65429775
-7726.70415190
-7726.67593821
-7726.64891195
-7726.61134124
-7726.66752733
-7726.63146828
-7726.66583871
-7726.55356718
-7726.61611734
-7727.20805870
-7727.22536191
-7726.46235933
-7727.15456326
-7727.16451170
-7727.10936015
-7726.64456703
-7727.18333535
-7727.10409069
-7727.08916928
-7726.60428137
-7726.59290985
-7727.07932685
-7727.11318311
-7726.53706457
-7726.60595359
-7726.59259861
-7726.62623187
-7726.69113964
-7726.62241520
-7726.62056051
-7726.58086789
-7726.63481070
-7726.54276293
-7726.62366875
-7726.59857343
-7726.64731740
-7726.63397529
-7725.85473832
-7726.55477283
-7726.56376839
-7726.53624271
-7726.56192995
-7726.60071892
-7726.53371867
-7726.48116216
-7726.53629824
-7725.99187846
-7726.56076561
-7726.54270550
-7725.93503922
-7726.03040431
-7726.04509746
-7726.04504507
-7726.08723252
-7726.06437668
-7726.05922996
-7725.87168548
-7726.06728738
-7726.03873557
-7726.04969270
-7726.00273676
-7727.24560379
-7726.48393092
-7727.14528613
-7726.63764311
-7727.14196760
-7727.12020963
-7727.22071695
-7727.08264457
-7727.13997669
-7726.89142210
-7726.66421743
-7726.61571813
-7727.14230953
-7726.52644514
-7726.63053556
-7726.65931423
-7726.60638918
-7726.71045965
-7726.62823073
-7726.63657384
-7726.59989290
-7726.58546480
-7726.61941616
-7726.64225420
-7726.60107199
-7726.47906378
-7726.63018265
-7727.15435314
-7727.09448396
-7727.17175693
-7727.21611007
-7726.88729486
-7727.11465288
-7727.10778003
-7726.67459186
-7727.08456046
-7726.62189663
-7726.52724489
-7726.64775489
-7726.63356722
-7726.65951734
-7726.67763673
-7726.59952001
-7726.56606041
-7726.58632747
-7726.66084745
-7726.61371920
-7726.63350295
-7726.60228437
-7726.38934980
-7726.41569810
-7726.38478366
-7726.40097881
-7726.45777503
-7726.37147230
-7726.41333073
-7726.37936424
-7725.90040533
-7726.39606594
-7726.39655322
-7725.67977140
-7725.88988807
-7725.88131157
-7725.89306598
-7725.96812000
-7725.88407865
-7725.89746275
-7725.80008576
-7725.91324464
-7725.86848889
-7725.89425541
-7725.87660204
-7727.06731918
-7727.02440141
-7727.09424805
-7727.09986966
-7727.00962899
-7727.03301948
-7727.04344701
-7726.59280017
-7727.00722821
-7726.51486824
-7726.43374312
-7726.43568398
-7726.55900192
-7726.55151880
-7726.59369141
-7726.60643790
-7726.52829191
-7726.52469970
-7726.56605604
-7726.52648821
-7726.58710307
-7726.55435633
-7727.04105163
-7727.06710839
-7727.15806193
-7727.01217691
-7727.08742421
-7727.03624104
-7726.60315641
-7726.51769608
-7727.08012379
-7726.46217487
-7726.54581175
-7726.45509079
-7726.62496167
-7726.61170662
-7726.55789322
-7726.58256445
-7726.51748963
-7726.55754674
-7726.58132855
-7726.60190117
-7726.52438973
-7727.03624373
-7727.08297384
-7726.50293225
-7727.05510225
-7726.97724125
-7726.56078466
-7727.00472286
-7727.00020017
-7726.41420047
-7726.57547436
-7726.52381333
-7726.42061804
-7726.58664923
-7726.51646981
-7726.56333311
-7726.48012336
-7726.57544990
-7726.50914643
-7726.50486445
-7726.51043577
-7727.11364496
-7727.04435226
-7727.03365194
-7726.51823089
-7726.58170019
-7727.01959091
-7727.06837234
-7726.44611877
-7726.54036878
-7726.61543164
-7726.54796541
-7726.50280102
-7726.56317275
-7726.55075748
-7726.54858973
-7726.61434378
-7726.51830618
-7726.57418080
-7726.51998496
-7727.04574862
-7726.56772274
-7727.09972889
-7726.63452837
-7727.10503810
-7727.09122389
-7726.54394565
-7726.59429056
-7726.59856816
-7726.61769226
-7726.64323710
-7726.48903825
-7726.64071313
-7726.59428558
-7726.61436687
-7726.59813971
-7726.60754598
-7726.54405704
-7727.05068541
-7727.01996637
-7726.57188374
-7727.02325902
-7727.03695917
-7726.41966764
-7726.49551043
-7726.54023471
-7726.56721890
-7726.57044473
-7726.56358298
-7726.42794786
-7726.51156076
-7726.54773350
-7726.51533757
-7726.59668426
-7726.50969896
-7727.05354600
-7726.48864396
-7727.10338326
-7727.07652157
-7726.41987468
-7726.57021525
-7726.56175046
-7726.55707681
-7726.65498455
-7726.58147092
-7726.56492420
-7726.40637848
-7726.60675830
-7726.56565669
-7726.57209510
-7726.59401973
-7726.58392290
-7727.02971381
-7727.08338983
-7726.44043460
-7726.52262088
-7726.51067344
-7726.57078435
-7726.61666934
-7726.52524405
-7726.55568641
-7726.49058986
-7726.44449180
-7726.57917993
-7726.54726639
-7726.50683901
-7726.57537744
-7726.59845450
-7725.95986602
-7726.07172489
-7726.09388684
-7726.08530444
-7726.07469712
-7726.08980436
-7726.09089244
-7726.08118831
-7726.10058001
-7725.86396985
-7726.09780947
-7726.04963864
-7727.05456428
-7726.42385517
-7726.56942364
-7726.57719765
-7726.52149445
-7726.60808885
-7726.54040633
-7726.55499673
-7726.50734918
-7726.62661458
-7726.52729860
-7726.43875779
-7726.53345891
-7726.48213591
-7726.57804675
-7726.54737860
-7726.57068913
-7726.60487012
-7726.52479562
-7726.62322195
-7726.51956337
-7726.57767848
-7726.56114847
-7726.55998620
-7726.42140648
-7725.92831176
-7725.93922375
-7725.93622732
-7725.93180243
-7725.88840634
-7725.93838577
-7725.70410116
-7725.93871266
-7725.83777024
-7725.94534071
-7725.93550848
-7726.04096024
-7725.99111060
-7726.08889061
-7725.99338391
-7725.83288493
-7725.98667615
-7726.05780067
-7726.02843113
-7726.07651520
-7725.92001417
-7726.00382904
-7726.05152304
-7726.04397137
-7726.04022629
-7726.00533815
-7725.87171559
-7726.06019887
-7725.96592784
-7726.02108103
-7726.10224715
-7726.05125019
-7725.96312992
-7726.01200504
-7726.10099509
-7726.03390580
-7725.85134799
-7726.00744056
-7726.09800822
-7726.10631775
-7726.08303892
-7726.03333943
-7725.88543535
-7726.09121774
-7726.06686171
-7726.08274506
-7725.92005370
-7726.06990974
-7726.02010002
-7726.04980917
-7725.81753503
-7726.02207823
-7726.08301939
-7726.04204704
-7726.02239076
-7725.98881766
-7726.03646715
-7725.96935115
-7726.01567600
-7725.94943948
-7726.02244818
-7726.04570466
-7726.04198026
-7726.04829221
-7726.01268922
-7726.03440346
-7727.08516558
-7727.05580435
-7727.05382065
-7727.03834686
-7727.00240343
-7726.97217329
-7727.00023844
-7726.43696471
-7726.94099701
-7726.42260617
-7726.42617437
-7726.43572786
-7726.90327298
-7726.89883402
-7726.70544368
-7726.68063154
-7727.00608342
-7726.95396364
-7726.95947071
-7726.45352705
-7726.96126714
-7726.44766355
-7726.43647773
-7726.43747729
-7726.43266576
-7726.44782384
-7726.37704368
-7726.36621135
-7726.41049258
-7726.44515781
-7726.46758098
-7726.47748894
-7726.45470366
-7726.48072531
-7726.42875617
-7726.92658543
-7726.96973309
-7726.41754469
-7726.70670876
-7726.85716996
-7726.44486459
-7726.96980563
-7726.92787105
-7726.44347577
-7726.35893370
-7726.42719301
-7726.45969211
-7726.41034921
-7726.46956296
-7726.93327951
-7726.95885948
-7726.37862230
-7726.41345764
-7726.91186119
-7726.98563173
-7726.40843618
-7726.91147370
-7726.65041541
-7726.86235669
-7726.34375387
-7726.88919495
-7726.96094895
-7726.95495594
-7726.41165821
-7726.41629085
-7726.90839153
-7726.96682667
-7726.41814666
-7726.42311922
-7726.34570485
-7726.42175574
-7726.34984710
-7726.41365609
-7726.42075602
-7726.40154205
-7726.47915772
-7726.42311799
-7726.45332463
-7726.42369617
-7726.40902903
-7726.94810582
-7726.85639614
-7726.41678924
-7726.69044097
-7726.89059530
-7726.41160979
-7726.37407303
-7726.43004735
-7726.45609002
-7726.34183443
-7726.41616153
-7726.39094975
-7726.87580360
-7726.87911996
-7726.88591685
-7726.66898934
-7726.39598816
-7726.35918026
-7726.40628598
-7726.37716920
-7726.39828696
-7726.31974273
-7726.41518499
-7726.37039075
-7726.92415843
-7726.87411048
-7726.88679121
-7726.36410964
-7726.86122444
-7726.42000662
-7726.37503950
-7726.34430260
-7726.39912242
-7726.35643420
-7726.38165511
-7725.77274821
-7726.33420210
-7726.31408398
-7726.34528254
-7726.29459291
-7726.29859548
-7725.84602058
-7725.81101697
-7725.80315839
-7725.66988868
-7725.73350799
-7725.83753229
-7726.38282699
-7726.85781476
-7726.34693656
-7726.86494436
-7726.61084120
-7726.84559440
-7726.35411282
-7726.34866970
-7726.37729023
-7726.32218391
-7726.29353194
-7726.33888465
-7726.37823827
-7726.40435821
-7726.85894433
-7726.86748915
-7726.69527199
-7726.89017603
-7726.40549858
-7726.42054883
-7726.39117345
-7726.42524675
-7726.31778114
-7726.35787257
-7726.31920922
-7726.29615657
-7726.32115136
-7726.21512390
-7726.30485721
-7726.34460057
-7726.35205081
-7726.30414512
-7725.80216541
-7726.33711257
-7726.33100802
-7725.65456777
-7725.82307042
-7725.80282266
-7725.82739433
-7725.75969246
-7725.81130101
-7725.81775728
-7725.74646142
-7725.84776447
-7725.83315408
-7725.81716371
-7725.83763777
-7726.79187681
-7726.81893161
-7726.63738440
-7726.79592278
-7726.84695866
-7726.82930969
-7726.82339784
-7726.34237250
-7726.80056333
-7726.31933959
-7726.32777820
-7726.21767290
-7726.33759102
-7726.34104306
-7726.25634754
-7726.38880502
-7726.30189906
-7726.31366254
-7726.35249864
-7726.35487997
-7726.36781421
-7726.37041020
-7726.77139568
-7726.55425641
-7726.78858230
-7726.78757536
-7726.82386319
-7726.75320740
-7726.29982258
-7726.30842904
-7726.80417368
-7726.29898972
-7726.27382626
-7726.16825851
-7726.35300198
-7726.21709334
-7726.27843517
-7726.29492753
-7726.25280496
-7726.28525468
-7726.34860498
-7726.32275292
-7726.28365948
-7726.58959662
-7726.78635557
-7726.29520918
-7726.85759224
-7726.76419024
-7726.31882633
-7726.80428741
-7726.79561211
-7726.31873035
-7726.37397043
-7726.31587806
-7726.21469238
-7726.25928542
-7726.30661096
-7726.34664003
-7726.27506432
-7726.37411474
-7726.34959001
-7726.29599861
-7726.33948914
-7726.56569330
-7726.64106223
-7726.59998872
-7726.24015606
-7726.21166885
-7726.57443317
-7726.61258814
-7726.10146335
-7726.09154594
-7726.15515021
-7726.09983873
-7725.91908661
-7726.10755662
-7726.08706722
-7726.10232929
-7726.16408970
-7726.10939393
-7726.11743423
-7726.10373616
-7726.78980031
-7726.33384958
-7726.78708008
-7726.30640534
-7726.80918938
-7726.78256001
-7726.35732971
-7726.29305298
-7726.28472023
-7726.31571237
-7726.21815869
-7726.18604050
-7726.32426658
-7726.30221794
-7726.31068809
-7726.34258571
-7726.29412182
-7726.27466374
-7726.89521525
-7726.84872786
-7726.36988628
-7726.86932713
-7726.86991451
-7726.36216969
-7726.33190375
-7726.36899813
-7726.40082457
-7726.28076489
-7726.39518505
-7726.25398295
-7726.34671095
-7726.38285670
-7726.39517644
-7726.42748963
-7726.37394674
-7726.84366553
-7726.35360958
-7726.90484063
-7726.86400634
-7726.34212214
-7726.36645810
-7726.34878197
-7726.35674618
-7726.30742190
-7726.38312485
-7726.34827589
-7726.23218294
-7726.39869266
-7726.39704525
-7726.35961790
-7726.42727674
-7726.33390571
-7726.81864145
-7726.86196501
-7726.33204787
-7726.30548778
-7726.28335875
-7726.35386530
-7726.27632989
-7726.30209246
-7726.32308385
-7726.27895822
-7726.21678247
-7726.40964817
-7726.31835012
-7726.31837160
-7726.33674805
-7726.35167111
-7725.82482923
-7725.82767483
-7725.83740461
-7725.84155925
-7725.68083432
-7725.83365971
-7725.83155708
-7725.83674913
-7725.84868347
-7725.63926395
-7725.84318032
-7725.83660280
-7726.84883333
-7726.33056858
-7726.36709387
-7726.36925136
-7726.31640708
-7726.27736604
-7726.33126294
-7726.33744510
-7726.30417269
-7726.42312129
-7726.36749390
-7726.23639498
-7726.35988266
-7726.37424719
-7726.36614934
-7726.32456160
-7726.36064988
-7726.26468799
-7726.31024259
-7726.39698347
-7726.31452349
-7726.36472011
-7726.38669256
-7726.33715971
-7726.24098702
-7725.83051808
-7725.82914932
-7725.83785421
-7725.71796990
-7725.78148048
-7725.82395077
-7725.59288502
-7725.83889932
-7725.77965478
-7725.83641201
-7725.86990927
-7725.82386584
-7725.78518681
-7725.75276722
-7725.77357200
-7725.61237184
-7725.78171930
-7725.84797977
-7725.85799980
-7725.85758113
-7725.74301468
-7725.78537953
-7725.70583764
-7725.82131561
-7725.80713348
-7725.78994305
-7725.64370106
-7725.87759990
-7725.73469218
-7725.83422155
-7725.76863763
-7725.83917765
-7725.74449659
-7725.80978752
-7725.89118778
-7725.86501877
-7725.63117623
-7725.82917194
-7725.75686843
-7725.75596281
-7725.74831921
-7725.68331201
-7725.58228999
-7725.74341100
-7725.76225863
-7725.85333732
-7725.70721822
-7725.85521400
-7725.84418335
-7725.82742973
-7725.62050708
-7725.80188837
-7725.85716370
-7725.85707407
-7725.78320925
-7725.78670974
-7725.82994477
-7725.79083291
-7725.80371268
-7725.76099889
-7725.83868092
-7725.81234768
-7725.86325610
-7725.86658708
-7725.87568506
-7725.84672566
-7726.75048643
-7726.78457439
-7726.78192616
-7726.73984180
-7726.73730797
-7726.69424814
-7726.72075864
-7726.21482200
-7726.71619803
-7726.22874931
-7726.13186080
-7726.14892236
-7726.25529704
-7726.24810749
-7726.30491369
-7726.30755227
-7726.21684679
-7726.23358572
-7726.25618473
-7726.26866712
-7726.27332798
-7726.31087218
-7726.22224996
-7726.77191229
-7726.71088932
-7726.17205961
-7726.35904456
-7726.28287743
-7726.31146838
-7726.24960587
-7726.33089189
-7726.75883814
-7726.68700101
-7726.21765316
-7726.21334216
-7726.71788297
-7726.70742904
-7726.14065275
-7726.25455833
-7726.29419349
-7726.23393343
-7726.19965804
-7726.26145197
-7726.23053744
-7726.24973937
-7726.28760966
-7726.26249487
-7726.24665688
-7726.27442139
-7726.13661124
-7726.23761793
-7726.25667724
-7726.27955715
-7726.30251484
-7726.28200847
-7726.11347360
-7726.24835865
-7726.21309919
-7726.21221521
-7726.31643919
-7726.26451587
-7726.10932319
-7726.22000030
-7726.17678422
-7726.24131782
-7726.30548516
-7726.20334869
-7725.59800393
-7725.61410759
-7725.74069849
-7725.71404103
-7725.73142857
-7725.61082414
-7726.13630641
-7726.29716563
-7726.28127690
-7726.22319940
-7726.32718334
-7726.25152636
-7726.12641730
-7726.25474497
-7726.18883671
-7726.21562727
-7726.26188348
-7726.18278678
-7725.65844480
-7725.63276615
-7725.63568687
-7725.66320525
-7725.60474001
-7725.63082833
-7725.41582378
-7725.64175794
-7725.56390023
-7725.63017997
-7725.70179549
-7725.75864439
-7725.71624781
-7725.81989084
-7725.72521722
-7725.54999766
-7725.71934664
-7725.76931165
-7725.79448061
-7725.77793965
-7725.70310813
-7725.69387435
-7725.75436590
-7725.74169233
-7725.72116413
-7725.70867958
-7725.54174620
-7725.79629866
-7725.64000967
-7725.77458396
-7725.80836431
-7725.75146246
-7725.65127672
-7725.71825763
-7725.78394055
-7725.77228428
-7725.52986362
-7725.76206502
-7725.81456820
-7725.80474190
-7725.81427807
-7725.72439433
-7725.63285550
-7725.78275135
-7725.83674608
-7725.77401895
-7725.63336561
-7725.76374448
-7725.76327805
-7725.73568873
-7725.58007450
-7725.71807041
-7725.75950028
-7725.77359354
-7725.68606957
-7725.72848032
-7725.73732834
-7725.70384783
-7725.70945030
-7725.71178763
-7725.74699740
-7725.70262766
-7725.79172628
-7725.77129716
-7725.81538923
-7725.77317198
-7725.26262274
-7725.20605272
-7725.20412740
-7725.17048628
-7725.03909648
-7725.02525370
-7725.23395960
-7725.16431257
-7725.28501158
-7725.19356327
-7725.15262773
-7725.03723024
-7725.26288474
-7725.19955822
-7725.02890998
-7725.09635725
-7724.91407713
-7725.18702561
-7725.22399280
