     1     12    1    2
     2      6    1    4
     3     12    1    5
     4      6    1    7
     5      6    1    8
     6      6    1    9
     7      6    1   10
     8      6    1   11
     9      6    1   12
    10     12    1   13
    11     12    1   14
    12     12    1   15
    13     12    1   16
    14     12    1   17
    15     12    1   18
    16     12    1   19
    17     12    1   20
    18     12    1   21
    19     12    1   22
    20     12    1   23
    21     12    1   24
    22     12    1   25
    23     12    1   26
    24     12    1   27
    25     12    1   28
    26     12    1   29
    27     12    1   30
    28     12    1   31
    29     12    1   32
    30     12    1   33
    31     12    1   34
    32     12    1   35
    33     12    1   36
    34     12    1   37
    35     12    1   38
    36     12    1   39
    37     12    1   40
    38     12    1   41
    39     12    1   42
    40     12    1   43
    41     12    1   44
    42     12    1   45
    43     12    1   46
    44     12    1   47
    45     12    1   48
    46     12    1   49
    47     12    1   50
    48     12    1   51
    49     12    1   52
    50     12    1   53
    51     12    1   54
    52     12    1   55
    53     12    1   56
    54     12    1   57
    55     12    1   58
    56     12    1   59
    57     12    1   60
    58     12   13   14
    59      6   13   16
    60     12   13   17
    61      6   13   19
    62      6   13   20
    63      6   13   21
    64      6   13   22
    65      6   13   23
    66      6   13   24
    67     12   13   25
    68     12   13   26
    69     12   13   27
    70     12   13   28
    71     12   13   29
    72     12   13   30
    73     12   13   31
    74     12   13   32
    75     12   13   33
    76     12   13   34
    77     12   13   35
    78     12   13   36
    79     12   13   37
    80     12   13   38
    81     12   13   39
    82     12   13   40
    83     12   13   41
    84     12   13   42
    85     12   13   43
    86     12   13   44
    87     12   13   45
    88     12   13   46
    89     12   13   47
    90     12   13   48
    91     12   13   49
    92     12   13   50
    93     12   13   51
    94     12   13   52
    95     12   13   53
    96     12   13   54
    97     12   13   55
    98     12   13   56
    99     12   13   57
   100     12   13   58
   101     12   13   59
   102     12   13   60
   103     12   25   26
   104      6   25   28
   105     12   25   29
   106      6   25   31
   107      6   25   32
   108      6   25   33
   109      6   25   34
   110      6   25   35
   111      6   25   36
   112     12   25   37
   113     12   25   38
   114     12   25   39
   115     12   25   40
   116     12   25   41
   117     12   25   42
   118     12   25   43
   119     12   25   44
   120     12   25   45
   121     12   25   46
   122     12   25   47
   123     12   25   48
   124     12   25   49
   125     12   25   50
   126     12   25   51
   127     12   25   52
   128     12   25   53
   129     12   25   54
   130     12   25   55
   131     12   25   56
   132     12   25   57
   133     12   25   58
   134     12   25   59
   135     12   25   60
   136     12   37   38
   137      6   37   40
   138     12   37   41
   139      6   37   43
   140      6   37   44
   141      6   37   45
   142      6   37   46
   143      6   37   47
   144      6   37   48
   145     12   37   49
   146     12   37   50
   147     12   37   51
   148     12   37   52
   149     12   37   53
   150     12   37   54
   151     12   37   55
   152     12   37   56
   153     12   37   57
   154     12   37   58
   155     12   37   59
   156     12   37   60
   157     12   49   50
   158      6   49   52
   159     12   49   53
   160      6   49   55
   161      6   49   56
   162      6   49   57
   163      6   49   58
   164      6   49   59
   165      6   49   60
