-7726.89970189 -7726.89990 -7708.62305 c0080.gout
-7726.98913161 -7726.98926 -7707.99219 c0081.gout
-7727.01091032 -7727.01074 -7708.10400 c0082.gout
-7727.02120710 -7727.02100 -7708.11572 c0083.gout
-7726.94700240 -7726.94678 -7708.12061 c0084.gout
-7726.90309947 -7726.90332 -7708.64258 c0128.gout
-7727.01180277 -7727.01172 -7708.04492 c0129.gout
-7727.00439164 -7727.00439 -7708.12256 c0130.gout
-7727.02565744 -7727.02588 -7708.15967 c0131.gout
-7726.88274272 -7726.88281 -7708.04492 c0132.gout
-7726.99970479 -7726.99951 -7708.12256 c0133.gout
-7727.01591386 -7727.01611 -7708.13818 c0134.gout
-7727.01686557 -7727.01709 -7708.09326 c0136.gout
-7726.95432850 -7726.95410 -7708.08496 c0137.gout
-7727.00980932 -7727.00977 -7708.14941 c0138.gout
-7727.01898226 -7727.01904 -7708.15088 c0139.gout
-7726.85028187 -7726.85010 -7708.65771 c0158.gout
-7726.88460495 -7726.88477 -7707.98389 c0159.gout
-7726.94694594 -7726.94678 -7708.14014 c0160.gout
-7726.95567818 -7726.95557 -7708.16113 c0161.gout
-7726.92209332 -7726.92188 -7708.15137 c0162.gout
-7726.84097844 -7726.84082 -7708.52344 c0182.gout
-7727.00282949 -7727.00293 -7707.97119 c0183.gout
-7727.02554626 -7727.02539 -7708.08057 c0184.gout
-7727.01783794 -7727.01807 -7708.08447 c0185.gout
-7727.01549975 -7727.01562 -7708.06787 c0187.gout
-7726.88327748 -7726.88330 -7708.65088 c0206.gout
-7726.99513393 -7726.99512 -7708.05176 c0207.gout
-7726.94373223 -7726.94385 -7708.08643 c0208.gout
-7726.98167017 -7726.98145 -7708.16162 c0210.gout
-7726.98609682 -7726.98633 -7708.13135 c0211.gout
-7726.82528413 -7726.82520 -7708.63867 c0230.gout
-7726.91328169 -7726.91309 -7708.02246 c0231.gout
-7726.93337620 -7726.93359 -7708.14404 c0233.gout
-7726.85536202 -7726.85547 -7708.07666 c0234.gout
-7726.91838627 -7726.91846 -7708.11035 c0235.gout
-7726.78157264 -7726.78174 -7708.56006 c0254.gout
-7726.90000170 -7726.89990 -7708.05957 c0256.gout
-7726.83700729 -7726.83691 -7708.00781 c0257.gout
-7726.86668675 -7726.86670 -7708.06201 c0258.gout
-7726.88810621 -7726.88818 -7708.04883 c0259.gout
-7726.19058468 -7726.19043 -7707.92334 c0279.gout
-7726.17637234 -7726.17627 -7708.01562 c0280.gout
-7726.18135943 -7726.18115 -7708.02783 c0281.gout
-7726.19999179 -7726.20020 -7708.03516 c0282.gout
-7726.13024493 -7726.13037 -7707.94727 c0283.gout
