-7726.97624190 -7726.97607 -7726.15869 c0057.gout
-7727.68565825 -7727.68555 -7726.74658 c1412.gout
-7727.73389250 -7727.73389 -7726.75000 c1413.gout
-7727.73636943 -7727.73633 -7726.83643 c1414.gout
-7727.69337447 -7727.69336 -7726.75342 c1415.gout
-7727.76755714 -7727.76758 -7726.71777 c1416.gout
-7727.76173090 -7727.76172 -7726.05566 c1417.gout
-7727.62478793 -7727.62500 -7726.96631 c1418.gout
-7726.97929330 -7726.97949 -7726.65869 c1419.gout
-7727.53683760 -7727.53662 -7726.03271 c1420.gout
-7726.95024083 -7726.95752 -7726.54932 c1421.gout
-7726.89709001 -7726.89697 -7726.66895 c1422.gout
-7726.91222106 -7726.91211 -7725.43359 c1423.gout
-7727.45562556 -7727.45557 -7726.53125 c1424.gout
-7727.47040161 -7727.47021 -7726.54004 c1425.gout
-7727.43580315 -7727.43604 -7726.46875 c1426.gout
-7727.48741954 -7727.48730 -7726.51660 c1427.gout
-7727.47135476 -7727.47119 -7726.56299 c1428.gout
-7727.44611999 -7727.44629 -7726.50000 c1429.gout
-7727.44162794 -7727.44141 -7726.52979 c1430.gout
-7726.85303846 -7726.85303 -7726.49365 c1431.gout
-7727.44628329 -7727.44629 -7725.92188 c1432.gout
-7726.85717743 -7726.80664 -7725.92383 c1433.gout
-7726.70277999 -7726.70264 -7726.51611 c1434.gout
-7726.66306539 -7726.66309 -7725.10254 c1435.gout
-7727.37809764 -7727.37793 -7726.42285 c1436.gout
-7727.39518757 -7727.39502 -7726.49121 c1437.gout
-7727.34574208 -7727.34570 -7726.37793 c1438.gout
-7727.42121162 -7727.42139 -7726.43457 c1439.gout
-7727.36459484 -7727.36475 -7726.49316 c1440.gout
-7727.37126820 -7727.37109 -7726.39014 c1441.gout
-7727.33338164 -7727.33350 -7726.41992 c1442.gout
-7726.88682648 -7726.88672 -7726.40527 c1443.gout
-7727.36734812 -7727.36719 -7725.96094 c1444.gout
-7726.80014602 -7726.80029 -7725.95020 c1445.gout
-7726.84496568 -7726.84473 -7725.34668 c1456.gout
-7727.05670631 -7727.05664 -7727.40771 c1458.gout
-7727.74568002 -7727.74561 -7727.41455 c1459.gout
-7727.64709796 -7727.64697 -7727.55713 c1460.gout
-7726.94847906 -7726.94824 -7727.41309 c1461.gout
-7727.51092301 -7727.51074 -7726.73145 c1462.gout
-7727.52564385 -7727.52588 -7727.31543 c1463.gout
-7726.91742143 -7726.91748 -7726.71973 c1464.gout
-7727.50765415 -7727.50781 -7727.27051 c1465.gout
-7727.47729421 -7727.47705 -7727.27783 c1466.gout
-7726.74208550 -7726.74219 -7727.23584 c1467.gout
-7727.41383657 -7727.41406 -7726.52490 c1468.gout
-7727.47774803 -7727.47754 -7727.23340 c1469.gout
-7726.94242688 -7726.94238 -7726.76465 c1470.gout
-7727.42138784 -7727.42139 -7727.15625 c1471.gout
-7727.40408978 -7727.40430 -7727.20215 c1472.gout
-7726.90882172 -7726.90869 -7726.07910 c1478.gout
-7727.56107414 -7727.56104 -7727.49561 c1479.gout
-7727.73129858 -7727.73145 -7727.45947 c1480.gout
-7727.00378946 -7727.00391 -7727.55908 c1481.gout
-7727.11884770 -7727.11865 -7727.48340 c1482.gout
-7727.56110127 -7727.56104 -7726.23145 c1483.gout
-7727.60586020 -7727.60596 -7727.55908 c1484.gout
-7726.93253530 -7726.93262 -7727.51709 c1485.gout
-7727.44491618 -7727.44482 -7726.75244 c1486.gout
-7727.45131696 -7727.45117 -7727.32520 c1487.gout
-7727.42704817 -7727.42725 -7727.29443 c1488.gout
-7726.90607667 -7726.90625 -7726.75244 c1489.gout
-7727.50438000 -7727.50439 -7727.32520 c1490.gout
-7727.45765875 -7727.45752 -7727.34863 c1491.gout
-7727.46451617 -7727.46436 -7727.31348 c1492.gout
-7726.83926425 -7726.83936 -7726.74072 c1493.gout
-7726.85836525 -7726.85840 -7727.31055 c1494.gout
-7727.43630625 -7727.43652 -7726.71094 c1495.gout
-7727.45617863 -7727.45605 -7727.31543 c1496.gout
-7726.72086352 -7726.72070 -7727.35742 c1497.gout
-7727.34387811 -7727.34375 -7726.54150 c1498.gout
-7727.38637516 -7727.38623 -7727.22998 c1499.gout
-7727.36095562 -7727.36084 -7727.25244 c1500.gout
-7726.72254383 -7726.72266 -7726.54150 c1501.gout
-7727.41904427 -7727.41895 -7727.22998 c1502.gout
-7727.34415997 -7727.34424 -7727.27441 c1503.gout
-7727.39648820 -7727.39648 -7727.21191 c1504.gout
-7726.89526632 -7726.89551 -7726.77148 c1505.gout
-7726.89683586 -7726.89697 -7727.22656 c1506.gout
-7727.35374330 -7727.35352 -7726.74170 c1507.gout
-7727.35629682 -7727.35645 -7727.20117 c1508.gout
-7726.80467358 -7726.80469 -7726.16699 c1516.gout
-7726.89817571 -7726.89795 -7727.44238 c1521.gout
-7727.44624063 -7727.44629 -7726.74609 c1522.gout
-7727.39182484 -7727.39160 -7727.26514 c1523.gout
-7726.82955771 -7726.82959 -7726.67627 c1524.gout
-7727.42091607 -7727.42090 -7727.24805 c1525.gout
-7727.45532541 -7727.45508 -7727.27002 c1526.gout
-7726.67980164 -7726.67969 -7727.24268 c1527.gout
-7727.34675885 -7727.34668 -7726.53857 c1528.gout
-7727.33366691 -7727.33350 -7727.16895 c1529.gout
-7726.86573430 -7726.86572 -7726.72803 c1530.gout
-7727.33506988 -7727.33496 -7727.15625 c1531.gout
-7727.39491432 -7727.39502 -7727.19531 c1532.gout
-7726.79437228 -7726.79443 -7726.16895 c1538.gout
-7727.00822566 -7727.00830 -7727.41553 c1539.gout
-7727.55652757 -7727.55664 -7726.68018 c1540.gout
-7727.55864334 -7727.55859 -7727.24951 c1541.gout
-7727.54209304 -7727.54199 -7727.22412 c1542.gout
-7727.56316816 -7727.56299 -7727.20996 c1543.gout
-7726.99588512 -7726.99609 -7726.65186 c1544.gout
-7726.79390180 -7726.79395 -7727.24170 c1545.gout
-7727.46006223 -7727.45996 -7726.47266 c1546.gout
-7727.46953137 -7727.46973 -7727.12744 c1547.gout
-7727.44814224 -7727.44824 -7727.15674 c1548.gout
-7727.48932615 -7727.48926 -7727.13086 c1549.gout
-7727.01258697 -7727.01270 -7726.68359 c1550.gout
-7726.98207791 -7726.98193 -7726.08398 c1555.gout
-7726.84536604 -7726.84521 -7727.52832 c1557.gout
-7727.43700563 -7727.43701 -7726.84326 c1558.gout
-7727.42717537 -7727.42725 -7727.40137 c1559.gout
-7727.39796987 -7727.39795 -7727.36475 c1560.gout
-7726.82621486 -7726.82617 -7726.77051 c1561.gout
-7727.45250267 -7727.45264 -7727.37842 c1562.gout
-7726.67701587 -7726.67725 -7727.35449 c1563.gout
-7727.31276937 -7727.31299 -7726.60986 c1564.gout
-7727.36452196 -7727.36475 -7727.30518 c1565.gout
-7727.31811291 -7727.31787 -7727.31006 c1566.gout
-7726.80310628 -7726.80322 -7726.79785 c1567.gout
-7727.38511441 -7727.38525 -7727.29102 c1568.gout
-7726.80131084 -7726.80127 -7726.22412 c1572.gout
-7726.17206315 -7726.17188 -7726.81641 c1575.gout
-7726.77101783 -7726.77100 -7726.69482 c1576.gout
-7726.78260070 -7726.78271 -7727.24170 c1577.gout
-7726.80069535 -7726.80078 -7727.23096 c1578.gout
-7726.80977459 -7726.80957 -7727.22803 c1579.gout
-7726.82148912 -7726.76074 -7727.22217 c1580.gout
-7726.03519975 -7726.03516 -7726.75732 c1581.gout
-7726.70559229 -7726.70557 -7726.48291 c1582.gout
-7726.68277678 -7726.70947 -7727.15381 c1583.gout
-7726.68229962 -7726.68213 -7727.14209 c1584.gout
-7726.70083250 -7726.70068 -7727.14062 c1585.gout
-7726.75002108 -7726.75000 -7727.13916 c1586.gout
-7726.14584179 -7726.17432 -7726.07324 c1589.gout
-7726.81352862 -7726.81348 -7726.77441 c1593.gout
-7727.36127134 -7727.36133 -7726.06689 c1594.gout
-7726.80753046 -7726.80762 -7726.03369 c1595.gout
-7727.34907054 -7727.34912 -7726.61426 c1596.gout
-7727.34132716 -7727.34131 -7726.57227 c1597.gout
-7727.40101924 -7727.40088 -7726.61670 c1598.gout
-7726.60679752 -7726.63037 -7726.59619 c1599.gout
-7727.27310443 -7727.27295 -7725.86768 c1600.gout
-7726.78373303 -7726.78369 -7726.05225 c1601.gout
-7727.26057501 -7727.26074 -7726.55127 c1602.gout
-7727.25782705 -7727.25781 -7726.48486 c1603.gout
-7727.30134011 -7727.30127 -7726.50781 c1604.gout
-7726.72174238 -7726.72168 -7725.34717 c1606.gout
-7726.85644358 -7726.85645 -7727.33203 c1611.gout
-7726.81706131 -7726.81689 -7726.04443 c1612.gout
-7727.38770332 -7727.38770 -7727.17725 c1613.gout
-7727.36120128 -7727.36133 -7727.14404 c1614.gout
-7727.40704708 -7727.40723 -7727.15234 c1615.gout
-7727.44124026 -7727.44141 -7727.18555 c1616.gout
-7726.65471102 -7726.65479 -7727.16650 c1617.gout
-7726.78868824 -7726.78857 -7725.95166 c1618.gout
-7727.31991178 -7727.31982 -7727.07666 c1619.gout
-7727.27397917 -7727.27393 -7727.08105 c1620.gout
-7727.29670391 -7727.29688 -7727.03906 c1621.gout
-7727.37067867 -7727.37061 -7727.10254 c1622.gout
-7726.66453278 -7726.66455 -7726.53271 c1623.gout
-7726.70549100 -7726.70557 -7726.11279 c1629.gout
-7726.67332646 -7726.66992 -7727.09375 c1630.gout
-7726.65658661 -7726.65674 -7727.07471 c1631.gout
-7726.70088059 -7726.70068 -7727.05371 c1632.gout
-7726.71215180 -7726.71191 -7727.06396 c1633.gout
-7726.70021654 -7726.70020 -7727.09912 c1634.gout
-7726.70644048 -7726.70654 -7727.05811 c1635.gout
-7726.64153288 -7726.64160 -7727.04150 c1636.gout
-7726.04674655 -7726.04688 -7727.01123 c1637.gout
-7726.69249829 -7726.69238 -7725.86621 c1638.gout
-7726.67746072 -7726.67725 -7726.98438 c1639.gout
-7725.86201508 -7725.86182 -7727.03027 c1640.gout
-7726.61208658 -7726.61230 -7725.79541 c1641.gout
-7726.60396027 -7726.60400 -7726.96924 c1642.gout
-7726.57808327 -7726.57812 -7726.93799 c1643.gout
-7726.54748374 -7726.54736 -7726.93359 c1644.gout
-7726.65084574 -7726.65088 -7726.74219 c1645.gout
-7726.58150159 -7726.58154 -7726.98682 c1646.gout
-7726.54219021 -7726.54199 -7726.98242 c1647.gout
-7726.58920401 -7726.58936 -7727.01367 c1648.gout
-7726.08490652 -7726.08496 -7726.93848 c1649.gout
-7726.59841954 -7726.59863 -7725.99902 c1650.gout
-7726.60483041 -7726.60498 -7726.97217 c1651.gout
-7725.99396365 -7725.99414 -7726.98486 c1652.gout
-7727.25507275 -7727.25488 -7726.38818 c1664.gout
-7727.21999526 -7727.22021 -7726.34668 c1665.gout
-7727.25758273 -7727.25781 -7726.34814 c1666.gout
-7727.27581226 -7727.27588 -7726.35840 c1667.gout
-7727.21326161 -7727.21338 -7726.35938 c1668.gout
-7727.22120925 -7727.22119 -7725.75098 c1669.gout
-7727.21342705 -7727.21338 -7726.33594 c1670.gout
-7726.64547733 -7726.64551 -7726.31250 c1671.gout
-7727.21227310 -7727.21240 -7725.74268 c1672.gout
-7726.61974225 -7726.61963 -7726.27881 c1673.gout
-7726.47604623 -7726.47607 -7726.29736 c1674.gout
-7726.62566743 -7726.62549 -7725.08984 c1675.gout
-7727.16448941 -7727.16455 -7726.26367 c1676.gout
-7727.09113753 -7727.09131 -7726.24121 c1677.gout
-7727.14044593 -7727.14062 -7726.22803 c1678.gout
-7726.96747206 -7726.96729 -7726.03662 c1679.gout
-7727.15726306 -7727.15723 -7726.34619 c1680.gout
-7727.15324023 -7727.15332 -7726.22754 c1681.gout
-7727.16770297 -7727.16748 -7726.31201 c1682.gout
-7726.68690169 -7726.68701 -7726.25684 c1683.gout
-7727.15379374 -7727.15381 -7725.80371 c1684.gout
-7726.64439187 -7726.64453 -7725.75830 c1685.gout
-7726.66314018 -7726.66309 -7725.45020 c1696.gout
-7727.19474199 -7727.19482 -7726.89551 c1698.gout
-7727.22537919 -7727.22559 -7726.88330 c1699.gout
-7727.27010021 -7727.27002 -7726.92090 c1700.gout
-7727.19222390 -7727.19238 -7726.33301 c1701.gout
-7727.22842406 -7727.22852 -7726.87549 c1702.gout
-7727.17080372 -7727.17090 -7726.88428 c1703.gout
-7726.62203830 -7726.62207 -7726.86133 c1704.gout
-7726.60285623 -7726.60303 -7726.24365 c1705.gout
-7727.14337705 -7727.14355 -7726.87549 c1706.gout
-7726.47636658 -7726.47656 -7726.89160 c1707.gout
-7727.08545840 -7727.08545 -7726.10693 c1708.gout
-7726.61927031 -7726.61914 -7726.29883 c1709.gout
-7726.87943809 -7726.87939 -7726.59375 c1710.gout
-7727.09887689 -7727.09863 -7726.75342 c1711.gout
-7727.17217360 -7727.17236 -7726.80518 c1712.gout
-7727.09043759 -7727.09033 -7726.84961 c1713.gout
-7727.18021730 -7727.18018 -7726.82568 c1714.gout
-7727.14566634 -7727.14551 -7726.85693 c1715.gout
-7726.66202844 -7726.66211 -7726.80762 c1716.gout
-7726.62137478 -7726.62158 -7725.84229 c1717.gout
-7727.14360223 -7727.14355 -7726.81543 c1718.gout
-7726.62097836 -7726.62109 -7726.03418 c1728.gout
-7727.23399241 -7727.23389 -7726.88672 c1731.gout
-7727.27058418 -7727.27051 -7726.91064 c1732.gout
-7726.61899591 -7726.61914 -7726.84814 c1733.gout
-7727.14950375 -7727.14941 -7726.86279 c1734.gout
-7727.16656767 -7727.16650 -7726.87207 c1735.gout
-7726.63074823 -7726.63086 -7726.83594 c1736.gout
-7727.17432503 -7727.17432 -7726.26562 c1737.gout
-7727.16974948 -7727.16992 -7726.27441 c1738.gout
-7726.45769880 -7726.45752 -7726.85938 c1739.gout
-7726.88461837 -7726.88477 -7725.90039 c1740.gout
-7727.09382243 -7727.09375 -7726.75684 c1741.gout
-7726.60513710 -7726.60498 -7726.29395 c1742.gout
-7727.12454448 -7727.12451 -7726.77100 c1743.gout
-7727.12525291 -7727.12549 -7726.75391 c1744.gout
-7726.62248339 -7726.62256 -7726.34619 c1745.gout
-7727.14056148 -7727.14062 -7726.78125 c1746.gout
-7727.11084867 -7727.11084 -7726.81836 c1747.gout
-7726.66008832 -7726.66016 -7726.81201 c1748.gout
-7727.13999212 -7727.14014 -7726.35303 c1749.gout
-7727.10654395 -7727.10645 -7726.77246 c1750.gout
-7726.64460731 -7726.64453 -7725.95605 c1759.gout
-7727.29233423 -7727.29248 -7726.89844 c1763.gout
-7727.16338916 -7727.16357 -7726.88379 c1764.gout
-7727.22137183 -7727.22119 -7726.85059 c1765.gout
-7726.59812882 -7726.59814 -7726.81201 c1766.gout
-7726.64536037 -7726.64551 -7726.82324 c1767.gout
-7727.19627120 -7727.19629 -7725.67822 c1768.gout
-7727.22197309 -7727.22217 -7726.83789 c1769.gout
-7726.47778049 -7726.47754 -7726.82373 c1770.gout
-7727.12880403 -7727.12891 -7726.10791 c1771.gout
-7726.91748553 -7726.91748 -7726.54834 c1772.gout
-7727.07647004 -7727.07666 -7726.75000 c1773.gout
-7726.63336933 -7726.63330 -7726.24512 c1774.gout
-7727.19451911 -7727.19434 -7726.78711 c1775.gout
-7727.12833968 -7727.12842 -7726.84229 c1776.gout
-7727.16628220 -7727.16650 -7726.77100 c1777.gout
-7726.63626452 -7726.63623 -7726.29590 c1778.gout
-7726.67218189 -7726.67236 -7726.79590 c1779.gout
-7727.11817338 -7727.11816 -7726.29541 c1780.gout
-7727.18003045 -7727.18018 -7726.80957 c1781.gout
-7726.60736179 -7726.60742 -7725.98682 c1789.gout
-7727.24308065 -7727.24316 -7726.90771 c1794.gout
-7726.64169482 -7726.64160 -7726.87451 c1795.gout
-7727.17891536 -7727.17871 -7726.88379 c1796.gout
-7726.63925700 -7726.63916 -7726.80615 c1797.gout
-7727.25628764 -7727.25635 -7726.27734 c1798.gout
-7727.23085990 -7727.23096 -7726.28613 c1799.gout
-7726.44327289 -7726.44336 -7726.65137 c1800.gout
-7727.14254702 -7727.14258 -7726.10840 c1801.gout
-7727.17509516 -7727.17529 -7726.79199 c1802.gout
-7727.15257927 -7727.15234 -7726.81934 c1803.gout
-7727.13862649 -7727.13867 -7726.73730 c1804.gout
-7726.65697404 -7726.65674 -7726.29736 c1805.gout
-7727.16868522 -7727.16846 -7726.86816 c1806.gout
-7726.67120382 -7726.67139 -7726.28467 c1807.gout
-7727.17163209 -7727.17188 -7726.82812 c1808.gout
-7726.69191984 -7726.69189 -7726.77441 c1809.gout
-7727.20216632 -7727.20215 -7726.36865 c1810.gout
-7727.20923731 -7727.20947 -7726.82959 c1811.gout
-7726.68618406 -7726.68604 -7726.00244 c1818.gout
-7727.26905663 -7727.26904 -7726.95068 c1824.gout
-7727.23990347 -7727.23975 -7726.95996 c1825.gout
-7726.63317780 -7726.63330 -7726.93018 c1826.gout
-7727.23448089 -7727.23438 -7726.33887 c1827.gout
-7727.22751852 -7727.22754 -7726.89697 c1828.gout
-7726.49538944 -7726.49561 -7726.95166 c1829.gout
-7727.16950082 -7727.16943 -7726.20850 c1830.gout
-7727.14181700 -7727.14160 -7726.82324 c1831.gout
-7726.64493763 -7726.64502 -7726.35303 c1832.gout
-7727.15331341 -7727.15332 -7726.82471 c1833.gout
-7727.20631514 -7727.20654 -7726.85498 c1834.gout
-7726.63488459 -7726.63477 -7726.38086 c1835.gout
-7727.16214482 -7727.16211 -7726.82129 c1836.gout
-7727.08572909 -7727.08594 -7726.81104 c1837.gout
-7726.67200426 -7726.67188 -7726.81348 c1838.gout
-7726.90530316 -7726.90527 -7726.13867 c1839.gout
-7727.11437486 -7727.11426 -7726.79980 c1840.gout
-7726.64457784 -7726.64453 -7726.08936 c1846.gout
-7727.24971903 -7727.24951 -7726.92676 c1853.gout
-7726.66708128 -7726.66699 -7726.87549 c1854.gout
-7727.25545551 -7727.25537 -7726.32715 c1855.gout
-7727.24084159 -7727.24072 -7726.88965 c1856.gout
-7726.48022686 -7726.48047 -7726.91455 c1857.gout
-7727.13403964 -7727.13428 -7726.12988 c1858.gout
-7727.19745522 -7727.19727 -7726.83936 c1859.gout
-7727.13598085 -7727.13574 -7726.82812 c1860.gout
-7727.16763789 -7727.16748 -7726.79346 c1861.gout
-7726.65949787 -7726.65967 -7726.31152 c1862.gout
-7727.08819789 -7727.08838 -7726.81592 c1863.gout
-7726.62735945 -7726.62744 -7726.27441 c1864.gout
-7727.13983260 -7727.13965 -7726.82324 c1865.gout
-7726.68594650 -7726.68604 -7726.75684 c1866.gout
-7727.13483884 -7727.13477 -7726.32520 c1867.gout
-7726.92787754 -7726.92773 -7726.57031 c1868.gout
-7726.70415190 -7726.70410 -7726.00732 c1873.gout
-7726.61611734 -7726.61621 -7726.88477 c1881.gout
-7727.20805870 -7727.20801 -7726.31494 c1882.gout
-7727.22536191 -7727.22559 -7726.92041 c1883.gout
-7726.46235933 -7726.46240 -7726.87842 c1884.gout
-7727.15456326 -7727.15479 -7726.18848 c1885.gout
-7727.16451170 -7727.16455 -7726.84473 c1886.gout
-7727.10936015 -7727.10938 -7726.83936 c1887.gout
-7726.64456703 -7726.64453 -7726.29248 c1888.gout
-7727.18333535 -7727.18311 -7726.82910 c1889.gout
-7727.10409069 -7727.10400 -7726.87061 c1890.gout
-7727.08916928 -7727.08936 -7726.75195 c1891.gout
-7726.60428137 -7726.60449 -7726.31885 c1892.gout
-7726.59290985 -7726.59277 -7726.56982 c1893.gout
-7727.07932685 -7727.07910 -7726.31104 c1894.gout
-7727.11318311 -7727.11328 -7726.79932 c1895.gout
-7726.62623187 -7726.62646 -7726.01416 c1899.gout
-7726.64731740 -7726.64746 -7726.30664 c1908.gout
-7726.63397529 -7726.63379 -7726.89062 c1909.gout
-7725.85473832 -7725.85498 -7726.36426 c1910.gout
-7726.55477283 -7726.55469 -7726.13330 c1911.gout
-7726.56376839 -7726.56396 -7726.79541 c1912.gout
-7726.53624271 -7726.53613 -7726.83301 c1913.gout
-7726.56192995 -7726.56201 -7726.79248 c1914.gout
-7726.60071892 -7726.60059 -7726.77539 c1915.gout
-7726.53371867 -7726.53369 -7726.82764 c1916.gout
-7726.48116216 -7726.48096 -7726.53467 c1917.gout
-7726.53629824 -7726.53613 -7726.76611 c1918.gout
-7725.99187846 -7725.99170 -7726.25928 c1919.gout
-7726.56076561 -7726.56055 -7726.31787 c1920.gout
-7726.54270550 -7726.54248 -7726.73730 c1921.gout
-7726.04509746 -7726.04492 -7725.97559 c1924.gout
-7727.24560379 -7727.24561 -7726.32080 c1934.gout
-7726.48393092 -7726.48389 -7726.30273 c1935.gout
-7727.14528613 -7727.14551 -7725.56543 c1936.gout
-7726.63764311 -7726.63770 -7725.71533 c1937.gout
-7727.14196760 -7727.14209 -7726.25928 c1938.gout
-7727.12020963 -7727.12012 -7726.17725 c1939.gout
-7727.22071695 -7727.22070 -7726.25488 c1940.gout
-7727.08264457 -7727.08252 -7726.23438 c1941.gout
-7727.13997669 -7727.14014 -7726.18457 c1942.gout
-7726.89142210 -7726.89160 -7726.00000 c1943.gout
-7726.66421743 -7726.66406 -7726.15771 c1944.gout
-7726.61571813 -7726.61572 -7725.23438 c1945.gout
-7727.14230953 -7727.14209 -7726.21289 c1946.gout
-7726.63053556 -7726.63037 -7725.30566 c1948.gout
-7726.47906378 -7726.47900 -7726.88867 c1959.gout
-7726.63018265 -7726.63037 -7725.63916 c1960.gout
-7727.15435314 -7727.15430 -7726.80762 c1961.gout
-7727.09448396 -7727.09473 -7726.79785 c1962.gout
-7727.17175693 -7727.17188 -7726.81055 c1963.gout
-7727.21611007 -7727.21631 -7726.83496 c1964.gout
-7726.88729486 -7726.88721 -7726.62207 c1965.gout
-7727.11465288 -7727.11475 -7726.74512 c1966.gout
-7727.10778003 -7727.10791 -7726.80371 c1967.gout
-7726.67459186 -7726.67480 -7726.78711 c1968.gout
-7727.08456046 -7727.08447 -7726.28662 c1969.gout
-7726.62189663 -7726.62207 -7726.28320 c1970.gout
-7726.52724489 -7726.52734 -7726.51562 c1971.gout
-7726.38934980 -7726.38916 -7725.84668 c1983.gout
-7726.41569810 -7726.41553 -7726.92773 c1984.gout
-7726.38478366 -7726.38477 -7726.94189 c1985.gout
-7726.40097881 -7726.40088 -7726.94189 c1986.gout
-7726.45777503 -7726.45801 -7726.92969 c1987.gout
-7726.37147230 -7726.37158 -7726.97803 c1988.gout
-7726.41333073 -7726.41357 -7726.91260 c1989.gout
-7726.37936424 -7726.37939 -7726.92334 c1990.gout
-7725.90040533 -7725.90039 -7726.87842 c1991.gout
-7726.39606594 -7726.39600 -7725.92334 c1992.gout
-7726.39655322 -7726.39648 -7726.92920 c1993.gout
-7725.67977140 -7725.67969 -7726.89307 c1994.gout
-7727.06731918 -7727.06738 -7726.18848 c2006.gout
-7727.02440141 -7727.02441 -7726.19873 c2007.gout
-7727.09424805 -7727.09424 -7726.20264 c2008.gout
-7727.09986966 -7727.10010 -7726.19043 c2009.gout
-7727.00962899 -7727.00977 -7726.20703 c2010.gout
-7727.03301948 -7727.03320 -7725.63379 c2011.gout
-7727.04344701 -7727.04346 -7726.18408 c2012.gout
-7726.59280017 -7726.59277 -7726.13330 c2013.gout
-7727.00722821 -7727.00732 -7725.67822 c2014.gout
-7726.51486824 -7726.51465 -7726.18994 c2015.gout
-7727.04105163 -7727.04102 -7726.85889 c2028.gout
-7727.06710839 -7727.06689 -7726.82227 c2029.gout
-7727.15806193 -7727.15820 -7726.89111 c2030.gout
-7727.01217691 -7727.01221 -7726.36719 c2031.gout
-7727.08742421 -7727.08740 -7726.80908 c2032.gout
-7727.03624104 -7727.03613 -7726.82910 c2033.gout
-7726.60315641 -7726.60303 -7726.79346 c2034.gout
-7726.51769608 -7726.51758 -7726.38525 c2035.gout
-7727.08012379 -7727.08008 -7726.80322 c2036.gout
-7727.03624373 -7727.03613 -7726.84033 c2049.gout
-7727.08297384 -7727.08301 -7726.86865 c2050.gout
-7726.50293225 -7726.50293 -7726.92236 c2051.gout
-7727.05510225 -7727.05518 -7726.80225 c2052.gout
-7726.97724125 -7726.97705 -7726.83740 c2053.gout
-7726.56078466 -7726.56055 -7726.82861 c2054.gout
-7727.00472286 -7727.00488 -7726.35840 c2055.gout
-7727.00020017 -7727.00000 -7726.32324 c2056.gout
-7727.11364496 -7727.11377 -7726.83203 c2069.gout
-7727.04435226 -7727.04443 -7726.83887 c2070.gout
-7727.03365194 -7727.03369 -7726.76562 c2071.gout
-7726.51823089 -7726.51807 -7726.84766 c2072.gout
-7726.58170019 -7726.58154 -7726.77686 c2073.gout
-7727.01959091 -7727.01953 -7725.82178 c2074.gout
-7727.06837234 -7727.06836 -7726.80176 c2075.gout
-7727.04574862 -7727.04590 -7726.86719 c2088.gout
-7726.56772274 -7726.56787 -7726.79395 c2089.gout
-7727.09972889 -7727.09961 -7726.82910 c2090.gout
-7726.63452837 -7726.63477 -7726.84619 c2091.gout
-7727.10503810 -7727.10498 -7726.35010 c2092.gout
-7727.09122389 -7727.09131 -7726.31494 c2093.gout
-7727.05068541 -7727.05078 -7726.92041 c2106.gout
-7727.01996637 -7727.02002 -7726.95557 c2107.gout
-7726.57188374 -7726.57178 -7726.92578 c2108.gout
-7727.02325902 -7727.02344 -7726.43799 c2109.gout
-7727.03695917 -7727.03711 -7726.87842 c2110.gout
-7727.05354600 -7727.05371 -7726.88232 c2123.gout
-7726.48864396 -7726.48877 -7726.81982 c2124.gout
-7727.10338326 -7727.10352 -7726.39746 c2125.gout
-7727.07652157 -7727.07666 -7726.82959 c2126.gout
-7726.58392290 -7726.58398 -7726.85498 c2139.gout
-7727.02971381 -7727.02979 -7726.39990 c2140.gout
-7727.08338983 -7727.08350 -7726.89746 c2141.gout
-7726.57537744 -7726.57520 -7726.40283 c2154.gout
-7726.59845450 -7726.59863 -7726.86768 c2155.gout
-7727.05456428 -7727.05469 -7726.41260 c2168.gout
-7726.02843113 -7726.02832 -7725.89062 c2211.gout
-7726.07651520 -7726.07666 -7725.85547 c2212.gout
-7726.06019887 -7726.06006 -7725.99072 c2220.gout
-7726.02108103 -7726.02100 -7725.97656 c2222.gout
-7726.01200504 -7726.01221 -7725.98340 c2226.gout
-7726.10099509 -7726.10107 -7725.94043 c2227.gout
-7726.10631775 -7726.10645 -7725.97754 c2232.gout
-7726.08303892 -7726.08301 -7725.98584 c2233.gout
-7726.08274506 -7726.08252 -7726.02637 c2238.gout
-7725.92005370 -7725.91992 -7726.03467 c2239.gout
-7726.06990974 -7726.06982 -7725.99170 c2240.gout
-7727.08516558 -7727.08496 -7726.16943 c2259.gout
-7727.05580435 -7727.05566 -7726.14697 c2260.gout
-7727.05382065 -7727.05371 -7726.15186 c2261.gout
-7727.03834686 -7727.03857 -7726.12451 c2262.gout
-7727.00240343 -7727.00244 -7726.09033 c2263.gout
-7726.97217329 -7726.97217 -7725.50732 c2264.gout
-7727.00023844 -7727.00000 -7726.05713 c2265.gout
-7726.43696471 -7726.43701 -7726.06299 c2266.gout
-7726.94099701 -7726.94092 -7725.48779 c2267.gout
-7726.42260617 -7726.42236 -7725.97412 c2268.gout
-7726.42617437 -7726.42627 -7726.04248 c2269.gout
-7726.43572786 -7726.43555 -7725.00146 c2270.gout
-7726.90327298 -7726.90332 -7726.02881 c2271.gout
-7726.89883402 -7726.89893 -7725.94678 c2272.gout
-7726.70544368 -7726.70557 -7726.00244 c2273.gout
-7726.68063154 -7726.68066 -7725.56299 c2274.gout
-7727.00608342 -7727.00586 -7726.02051 c2275.gout
-7726.95396364 -7726.95410 -7726.04395 c2276.gout
-7726.95947071 -7726.95947 -7726.08936 c2277.gout
-7726.45352705 -7726.45361 -7726.01855 c2278.gout
-7726.96126714 -7726.96143 -7725.53613 c2279.gout
-7726.44766355 -7726.44775 -7725.53418 c2280.gout
-7726.45470366 -7726.45459 -7725.26172 c2291.gout
-7726.42875617 -7726.42871 -7726.48145 c2293.gout
-7726.92658543 -7726.92676 -7726.52148 c2294.gout
-7726.96973309 -7726.96973 -7726.49561 c2295.gout
-7726.41754469 -7726.41748 -7726.50684 c2296.gout
-7726.70670876 -7726.70654 -7725.71436 c2297.gout
-7726.85716996 -7726.85693 -7726.42432 c2298.gout
-7726.44486459 -7726.44482 -7725.92285 c2299.gout
-7726.96980563 -7726.96973 -7726.50000 c2300.gout
-7726.92787105 -7726.92773 -7726.49805 c2301.gout
-7726.46956296 -7726.46973 -7725.62891 c2307.gout
-7726.93327951 -7726.93311 -7726.52051 c2308.gout
-7726.95885948 -7726.95898 -7726.51270 c2309.gout
-7726.37862230 -7726.37842 -7726.43896 c2310.gout
-7726.41345764 -7726.41357 -7726.47949 c2311.gout
-7726.91186119 -7726.91162 -7725.32910 c2312.gout
-7726.98563173 -7726.98584 -7726.43896 c2313.gout
-7726.40843618 -7726.40820 -7726.47461 c2314.gout
-7726.91147370 -7726.91162 -7725.92529 c2315.gout
-7726.65041541 -7726.65039 -7726.21924 c2316.gout
-7726.86235669 -7726.86230 -7726.36133 c2317.gout
-7726.34375387 -7726.34375 -7725.92529 c2318.gout
-7726.88919495 -7726.88916 -7726.21924 c2319.gout
-7726.96094895 -7726.96094 -7726.42236 c2320.gout
-7726.95495594 -7726.95508 -7726.49316 c2321.gout
-7726.41165821 -7726.41162 -7725.97900 c2322.gout
-7726.41629085 -7726.41650 -7726.46338 c2323.gout
-7726.90839153 -7726.90820 -7725.93359 c2324.gout
-7726.96682667 -7726.96680 -7726.49121 c2325.gout
-7726.40154205 -7726.40137 -7725.64746 c2333.gout
-7726.40902903 -7726.40918 -7726.52979 c2338.gout
-7726.94810582 -7726.94824 -7725.95312 c2339.gout
-7726.85639614 -7726.85645 -7726.42139 c2340.gout
-7726.41678924 -7726.41699 -7725.89160 c2341.gout
-7726.69044097 -7726.69043 -7726.43213 c2342.gout
-7726.89059530 -7726.89062 -7726.21436 c2343.gout
-7726.41616153 -7726.41602 -7725.56543 c2349.gout
-7726.39094975 -7726.39111 -7726.51807 c2350.gout
-7726.87580360 -7726.87598 -7725.89990 c2351.gout
-7726.87911996 -7726.87891 -7726.46289 c2352.gout
-7726.88591685 -7726.88574 -7726.39209 c2353.gout
-7726.66898934 -7726.66895 -7726.42627 c2354.gout
-7726.39598816 -7726.39600 -7725.69629 c2355.gout
-7726.31974273 -7726.31982 -7725.63672 c2360.gout
-7726.37039075 -7726.37061 -7726.44678 c2362.gout
-7726.92415843 -7726.92432 -7725.92334 c2363.gout
-7726.87411048 -7726.87402 -7726.43311 c2364.gout
-7726.88679121 -7726.88672 -7726.36816 c2365.gout
-7726.36410964 -7726.36426 -7725.89014 c2366.gout
-7726.86122444 -7726.86133 -7726.17871 c2367.gout
-7726.39912242 -7726.39893 -7725.59717 c2371.gout
-7725.77274821 -7725.77295 -7725.96191 c2374.gout
-7726.33420210 -7726.33398 -7725.89746 c2375.gout
-7726.31408398 -7726.31396 -7726.41309 c2376.gout
-7726.34528254 -7726.34521 -7726.39111 c2377.gout
-7726.29459291 -7726.29443 -7726.41943 c2378.gout
-7726.29859548 -7726.29883 -7726.15430 c2379.gout
-7725.80315839 -7725.80322 -7725.59814 c2382.gout
-7726.38282699 -7726.38281 -7725.89502 c2386.gout
-7726.85781476 -7726.85791 -7725.32422 c2387.gout
-7726.34693656 -7726.34717 -7725.32764 c2388.gout
-7726.86494436 -7726.86475 -7725.81201 c2389.gout
-7726.61084120 -7726.61084 -7725.79883 c2390.gout
-7726.84559440 -7726.84570 -7725.62842 c2391.gout
-7726.34866970 -7726.34863 -7725.03027 c2393.gout
-7726.37823827 -7726.37842 -7726.43115 c2398.gout
-7726.40435821 -7726.40430 -7725.34814 c2399.gout
-7726.85894433 -7726.85889 -7726.37012 c2400.gout
-7726.86748915 -7726.86768 -7726.30078 c2401.gout
-7726.69527199 -7726.69531 -7726.38232 c2402.gout
-7726.89017603 -7726.89014 -7726.15869 c2403.gout
-7726.40549858 -7726.40527 -7726.08008 c2404.gout
-7726.31920922 -7726.31934 -7725.60547 c2410.gout
-7726.29615657 -7726.29639 -7726.54004 c2411.gout
-7726.32115136 -7726.32129 -7726.49463 c2412.gout
-7726.21512390 -7726.21533 -7726.56348 c2413.gout
-7726.30485721 -7726.30469 -7726.30322 c2414.gout
-7726.34460057 -7726.34473 -7726.49951 c2415.gout
-7726.35205081 -7726.35205 -7726.57617 c2416.gout
-7726.30414512 -7726.30420 -7726.54785 c2417.gout
-7725.80216541 -7725.80225 -7726.48730 c2418.gout
-7726.33711257 -7726.33691 -7725.50293 c2419.gout
-7726.33100802 -7726.33105 -7726.55225 c2420.gout
-7725.65456777 -7725.65479 -7726.50732 c2421.gout
-7726.79187681 -7726.79199 -7725.96729 c2433.gout
-7726.81893161 -7726.81885 -7725.91797 c2434.gout
-7726.63738440 -7726.63721 -7725.99072 c2435.gout
-7726.79592278 -7726.79590 -7725.73047 c2436.gout
-7726.84695866 -7726.84717 -7725.89502 c2437.gout
-7726.82930969 -7726.82910 -7725.46387 c2438.gout
-7726.82339784 -7726.82324 -7725.97510 c2439.gout
-7726.34237250 -7726.34229 -7725.90869 c2440.gout
-7726.80056333 -7726.80078 -7725.42432 c2441.gout
-7726.31933959 -7726.31934 -7725.97949 c2442.gout
-7726.77139568 -7726.77148 -7726.43164 c2455.gout
-7726.55425641 -7726.55420 -7726.46387 c2456.gout
-7726.78858230 -7726.78857 -7726.28467 c2457.gout
-7726.78757536 -7726.78760 -7725.90869 c2458.gout
-7726.82386319 -7726.82373 -7726.49268 c2459.gout
-7726.75320740 -7726.75342 -7726.47363 c2460.gout
-7726.29982258 -7726.29980 -7726.42236 c2461.gout
-7726.30842904 -7726.30859 -7725.98486 c2462.gout
-7726.80417368 -7726.80420 -7726.44629 c2463.gout
-7726.58959662 -7726.58936 -7726.42236 c2476.gout
-7726.78635557 -7726.78613 -7726.20264 c2477.gout
-7726.29520918 -7726.29541 -7726.40430 c2478.gout
-7726.85759224 -7726.85742 -7726.42627 c2479.gout
-7726.76419024 -7726.76416 -7726.42236 c2480.gout
-7726.31882633 -7726.31885 -7726.39795 c2481.gout
-7726.80428741 -7726.80420 -7725.89844 c2482.gout
-7726.79561211 -7726.79541 -7725.90674 c2483.gout
-7726.56569330 -7726.56592 -7726.23486 c2496.gout
-7726.64106223 -7726.64111 -7726.38965 c2497.gout
-7726.59998872 -7726.60010 -7726.45850 c2498.gout
-7726.24015606 -7726.24023 -7726.50146 c2499.gout
-7726.21166885 -7726.21143 -7726.41504 c2500.gout
-7726.57443317 -7726.57422 -7725.43066 c2501.gout
-7726.61258814 -7726.61279 -7726.45410 c2502.gout
-7726.78980031 -7726.79004 -7726.16992 c2515.gout
-7726.33384958 -7726.33398 -7726.23877 c2516.gout
-7726.78708008 -7726.78711 -7726.23486 c2517.gout
-7726.30640534 -7726.30664 -7726.23633 c2518.gout
-7726.80918938 -7726.80908 -7725.71094 c2519.gout
-7726.78256001 -7726.78271 -7725.71924 c2520.gout
-7726.89521525 -7726.89502 -7726.51318 c2533.gout
-7726.84872786 -7726.84863 -7726.50928 c2534.gout
-7726.36988628 -7726.37012 -7726.46387 c2535.gout
-7726.86932713 -7726.86914 -7725.94678 c2536.gout
-7726.86991451 -7726.87012 -7726.43066 c2537.gout
-7726.84366553 -7726.84375 -7726.57812 c2550.gout
-7726.35360958 -7726.35352 -7726.50000 c2551.gout
-7726.90484063 -7726.90479 -7726.04834 c2552.gout
-7726.86400634 -7726.86377 -7726.52393 c2553.gout
-7726.33390571 -7726.33398 -7726.49609 c2566.gout
-7726.81864145 -7726.81885 -7726.01172 c2567.gout
-7726.86196501 -7726.86182 -7726.55273 c2568.gout
-7726.33674805 -7726.33691 -7725.99902 c2581.gout
-7726.35167111 -7726.35156 -7726.50732 c2582.gout
-7726.84883333 -7726.84863 -7726.02295 c2595.gout
-7725.85799980 -7725.85791 -7725.63867 c2638.gout
-7725.85758113 -7725.85742 -7725.64648 c2639.gout
-7725.87759990 -7725.87744 -7725.63135 c2647.gout
-7725.83422155 -7725.83398 -7725.60840 c2649.gout
-7725.80978752 -7725.80957 -7725.60010 c2653.gout
-7725.89118778 -7725.89111 -7725.57275 c2654.gout
-7725.75596281 -7725.75586 -7725.61328 c2659.gout
-7725.74831921 -7725.74854 -7725.61377 c2660.gout
-7725.85333732 -7725.85352 -7725.53418 c2665.gout
-7725.70721822 -7725.70703 -7725.53467 c2666.gout
-7725.85521400 -7725.85498 -7725.50732 c2667.gout
-7726.75048643 -7726.75049 -7726.10840 c2686.gout
-7726.78457439 -7726.78467 -7726.10449 c2687.gout
-7726.78192616 -7726.78174 -7726.18164 c2688.gout
-7726.73984180 -7726.73975 -7726.10059 c2689.gout
-7726.73730797 -7726.73730 -7726.06885 c2690.gout
-7726.69424814 -7726.69434 -7725.57666 c2691.gout
-7726.72075864 -7726.72070 -7726.06738 c2692.gout
-7726.21482200 -7726.21484 -7726.03125 c2693.gout
-7726.71619803 -7726.71631 -7725.53125 c2694.gout
-7726.22874931 -7726.22852 -7726.11914 c2695.gout
-7726.22224996 -7726.22217 -7726.53076 c2708.gout
-7726.77191229 -7726.77197 -7726.49170 c2709.gout
-7726.71088932 -7726.71094 -7726.46729 c2710.gout
-7726.75883814 -7726.75879 -7726.52051 c2717.gout
-7726.68700101 -7726.68701 -7726.52832 c2718.gout
-7726.21765316 -7726.21777 -7726.55078 c2719.gout
-7726.21334216 -7726.21338 -7726.49463 c2720.gout
-7726.71788297 -7726.71777 -7725.49463 c2721.gout
-7726.70742904 -7726.70752 -7726.55078 c2722.gout
-7725.79448061 -7725.79443 -7725.56201 c2789.gout
-7725.77793965 -7725.77783 -7725.58154 c2790.gout
-7725.79629866 -7725.79639 -7725.68457 c2798.gout
-7725.77458396 -7725.77441 -7725.66211 c2800.gout
-7725.71825763 -7725.71826 -7725.64746 c2804.gout
-7725.78394055 -7725.78418 -7725.62549 c2805.gout
-7725.80474190 -7725.80469 -7725.65869 c2810.gout
-7725.81427807 -7725.81445 -7725.65186 c2811.gout
-7725.77401895 -7725.77393 -7725.72168 c2816.gout
-7725.63336561 -7725.63330 -7725.71484 c2817.gout
-7725.76374448 -7725.76367 -7725.69287 c2818.gout
-7725.16431257 -7725.16455 -7725.24658 c2844.gout
-7725.28501158 -7725.28516 -7725.17236 c2845.gout
-7725.03723024 -7725.03711 -7724.72266 c2848.gout
-7725.26288474 -7725.26270 -7724.51758 c2849.gout
-7725.19955822 -7725.19971 -7724.67432 c2850.gout
-7725.02890998 -7725.02881 -7724.71777 c2851.gout
