-7727.86808964 -7727.86816 -7721.86816 c0001.gout
-7727.93602243 -7727.93604 -7721.90088 c0002.gout
-7727.92959707 -7727.92969 -7721.92871 c0003.gout
-7727.92809914 -7727.92822 -7721.93359 c0004.gout
-7727.86385153 -7727.86377 -7721.91553 c0005.gout
-7727.91842009 -7727.91846 -7721.77588 c0006.gout
-7727.85248353 -7727.85254 -7721.93848 c0007.gout
-7727.72410987 -7727.72412 -7721.08643 c0008.gout
-7727.02925801 -7727.02930 -7721.01562 c0009.gout
-7727.00077306 -7727.00098 -7721.68359 c0010.gout
-7727.40187957 -7727.40186 -7721.03662 c0011.gout
-7727.32998942 -7727.33008 -7721.05420 c0012.gout
-7727.67389608 -7727.67383 -7721.59424 c0013.gout
-7727.10508485 -7727.10498 -7721.08203 c0014.gout
-7727.71684226 -7727.71680 -7721.69287 c0015.gout
-7727.11321572 -7727.11328 -7721.73486 c0016.gout
-7727.16569627 -7727.16553 -7720.29639 c0017.gout
-7727.03573095 -7727.03564 -7721.81055 c0018.gout
-7727.80865320 -7727.80859 -7721.00391 c0019.gout
-7727.77113663 -7727.77100 -7721.81982 c0020.gout
-7727.76688923 -7727.76709 -7721.66455 c0021.gout
-7727.67092922 -7727.67090 -7721.76318 c0022.gout
-7727.56557124 -7727.56543 -7721.70508 c0023.gout
-7727.55040131 -7727.55029 -7721.58789 c0024.gout
-7727.53143767 -7727.53125 -7721.51855 c0025.gout
-7726.91899631 -7726.91895 -7720.88232 c0026.gout
-7727.62619453 -7727.62598 -7721.64941 c0027.gout
-7726.90245183 -7726.90234 -7721.60156 c0028.gout
-7726.97787577 -7726.97803 -7720.23584 c0029.gout
-7727.01571375 -7727.01562 -7721.55713 c0030.gout
-7727.56196092 -7727.56201 -7720.88037 c0031.gout
-7727.58199460 -7727.58203 -7721.56885 c0032.gout
-7727.57540988 -7727.57520 -7721.60693 c0033.gout
-7727.61531749 -7727.61523 -7721.57471 c0034.gout
-7727.47789918 -7727.47803 -7721.54590 c0035.gout
-7727.50375526 -7727.50391 -7721.54004 c0036.gout
-7727.44830026 -7727.44824 -7721.47461 c0037.gout
-7727.01364502 -7727.01367 -7720.97998 c0038.gout
-7727.50282885 -7727.50293 -7721.47754 c0039.gout
-7727.01813086 -7727.01807 -7721.51562 c0040.gout
-7726.90916647 -7726.90918 -7720.43848 c0041.gout
-7726.89787693 -7726.89795 -7721.50586 c0042.gout
-7727.51049267 -7727.51025 -7720.91943 c0043.gout
-7727.49621143 -7727.49609 -7721.47852 c0044.gout
-7727.46422484 -7727.46436 -7721.49951 c0045.gout
-7727.50363399 -7727.50342 -7721.49414 c0046.gout
-7727.00899979 -7727.00879 -7720.07324 c0085.gout
-7726.95677365 -7726.95654 -7720.16895 c0135.gout
-7726.93949193 -7726.93945 -7720.14697 c0163.gout
-7726.99594395 -7726.99609 -7720.10059 c0186.gout
-7727.00037746 -7727.00049 -7720.17383 c0209.gout
-7726.92813278 -7726.92822 -7720.14062 c0232.gout
-7726.88178872 -7726.88184 -7719.96973 c0255.gout
-7726.09198677 -7726.09180 -7720.54199 c0278.gout
-7727.26851122 -7727.26855 -7719.77539 c0284.gout
-7727.34298185 -7727.34277 -7720.80176 c0285.gout
-7727.36334760 -7727.36328 -7720.87402 c0286.gout
-7727.35627543 -7727.35645 -7720.89600 c0287.gout
-7726.77234458 -7726.77246 -7720.87549 c0288.gout
-7727.35349903 -7727.35352 -7720.22070 c0289.gout
-7726.90225755 -7726.90234 -7720.89209 c0290.gout
-7727.32588376 -7727.32568 -7720.19824 c0291.gout
-7726.82550451 -7726.82568 -7720.86279 c0292.gout
-7727.30307499 -7727.30322 -7720.18018 c0293.gout
-7727.23217631 -7727.23193 -7720.83545 c0294.gout
-7726.57822156 -7726.57812 -7720.77979 c0295.gout
-7727.12196775 -7727.12207 -7720.14209 c0296.gout
-7727.11216949 -7727.11230 -7720.65625 c0297.gout
-7727.15966150 -7727.15967 -7720.64746 c0298.gout
-7727.15990193 -7727.15967 -7720.69043 c0299.gout
-7726.56531166 -7726.56543 -7720.69043 c0300.gout
-7727.11617123 -7727.11621 -7720.03760 c0301.gout
-7726.63277897 -7726.63281 -7720.64893 c0302.gout
-7727.13270066 -7727.13281 -7720.02393 c0303.gout
-7726.72871795 -7726.72852 -7720.67090 c0304.gout
-7727.12447982 -7727.12451 -7720.10693 c0305.gout
-7727.15355943 -7727.15332 -7720.65430 c0306.gout
-7726.55370133 -7726.55371 -7720.68457 c0307.gout
-7727.04490820 -7727.04492 -7719.95264 c0308.gout
-7727.02468985 -7727.02490 -7720.58008 c0309.gout
-7727.02505202 -7727.02490 -7720.56299 c0310.gout
-7727.07189282 -7727.07178 -7720.55908 c0311.gout
-7726.58818693 -7726.58838 -7720.60645 c0312.gout
-7727.04860686 -7727.04883 -7720.17090 c0313.gout
-7726.44763082 -7726.44775 -7720.57861 c0314.gout
-7727.04352722 -7727.04346 -7720.02344 c0315.gout
-7726.59453639 -7726.59473 -7720.58008 c0316.gout
-7727.03314097 -7727.03320 -7720.14062 c0317.gout
-7727.04875873 -7727.04883 -7720.56641 c0318.gout
-7726.31438544 -7726.31445 -7720.58252 c0319.gout
-7727.60946003 -7727.60938 -7721.16162 c0331.gout
-7727.58814877 -7727.58838 -7721.23730 c0332.gout
-7727.65174529 -7727.65186 -7721.25586 c0333.gout
-7726.92553860 -7726.92578 -7721.23535 c0334.gout
-7727.77435452 -7727.77441 -7720.54492 c0335.gout
-7726.82558371 -7726.82568 -7720.62646 c0336.gout
-7727.59735709 -7727.59717 -7720.55811 c0337.gout
-7727.47346125 -7727.47363 -7721.19922 c0338.gout
-7727.61457496 -7727.61475 -7721.14258 c0339.gout
-7726.96305637 -7726.96289 -7721.19531 c0340.gout
-7727.40627498 -7727.40625 -7721.17334 c0341.gout
-7726.82652754 -7726.82666 -7720.50195 c0342.gout
-7727.40233705 -7727.40234 -7721.01611 c0343.gout
-7727.48200815 -7727.48193 -7721.05420 c0344.gout
-7727.40416748 -7727.40430 -7721.05029 c0345.gout
-7726.68555573 -7726.68555 -7721.05029 c0346.gout
-7727.39470470 -7727.39453 -7720.37354 c0347.gout
-7726.76915192 -7726.76904 -7720.98828 c0348.gout
-7727.42598211 -7727.42578 -7720.37451 c0349.gout
-7727.42495220 -7727.42480 -7721.04492 c0350.gout
-7727.38951577 -7727.38965 -7721.04883 c0351.gout
-7726.88451199 -7726.88428 -7720.43018 c0352.gout
-7727.36319752 -7727.36328 -7721.05664 c0353.gout
-7726.68527886 -7726.68506 -7720.31250 c0354.gout
-7727.28611991 -7727.28613 -7720.93994 c0355.gout
-7727.36892738 -7727.36914 -7720.96289 c0356.gout
-7727.31415805 -7727.31396 -7720.91895 c0357.gout
-7726.69770994 -7726.69775 -7720.96631 c0358.gout
-7727.35019379 -7727.35010 -7720.49268 c0359.gout
-7726.67735345 -7726.67725 -7720.94385 c0360.gout
-7727.31115487 -7727.31104 -7720.34814 c0361.gout
-7727.34208509 -7727.34229 -7720.94971 c0362.gout
-7727.31102329 -7727.31104 -7720.97607 c0363.gout
-7726.81400111 -7726.81396 -7720.46143 c0364.gout
-7726.78250190 -7726.78271 -7719.88428 c0375.gout
-7727.66419703 -7727.66406 -7721.50732 c0377.gout
-7727.68367574 -7727.68359 -7721.48438 c0378.gout
-7727.01736421 -7727.01758 -7721.54688 c0379.gout
-7727.70406755 -7727.70410 -7720.18896 c0380.gout
-7726.87821120 -7726.87842 -7721.66455 c0381.gout
-7727.81498769 -7727.81494 -7720.68604 c0382.gout
-7727.59232959 -7727.59229 -7721.46924 c0383.gout
-7727.08932770 -7727.08936 -7721.36963 c0384.gout
-7727.54494410 -7727.54492 -7721.50830 c0385.gout
-7727.49837934 -7727.49854 -7721.46240 c0386.gout
-7727.44018193 -7727.43994 -7721.30176 c0387.gout
-7726.86626649 -7726.86621 -7720.73730 c0388.gout
-7727.52218296 -7727.52197 -7721.28906 c0389.gout
-7727.53392164 -7727.53369 -7721.37939 c0390.gout
-7726.79708016 -7726.79688 -7721.29639 c0391.gout
-7727.43393836 -7727.43408 -7720.61377 c0392.gout
-7726.83028584 -7726.83008 -7721.27881 c0393.gout
-7727.50989685 -7727.50977 -7720.65381 c0394.gout
-7727.49842722 -7727.49854 -7721.31299 c0395.gout
-7726.89961562 -7726.89941 -7720.73682 c0396.gout
-7727.49343848 -7727.49365 -7721.28418 c0397.gout
-7727.41914070 -7727.41895 -7721.31250 c0398.gout
-7727.40038540 -7727.40039 -7721.25684 c0399.gout
-7726.69871156 -7726.69873 -7720.54980 c0400.gout
-7727.39637702 -7727.39648 -7721.18457 c0401.gout
-7727.46252941 -7727.46240 -7721.26562 c0402.gout
-7726.71619303 -7726.71631 -7721.20801 c0403.gout
-7727.38891886 -7727.38916 -7720.73291 c0404.gout
-7726.81857808 -7726.81836 -7721.20850 c0405.gout
-7727.41707415 -7727.41699 -7720.65332 c0406.gout
-7727.42344943 -7727.42334 -7721.23047 c0407.gout
-7726.84878554 -7726.84863 -7720.77051 c0408.gout
-7727.37677255 -7727.37695 -7721.19629 c0409.gout
-7726.86435621 -7726.86426 -7720.14600 c0419.gout
-7727.65711866 -7727.65723 -7721.55322 c0422.gout
-7726.94906175 -7726.94922 -7721.57422 c0423.gout
-7727.08296991 -7727.08301 -7720.82080 c0424.gout
-7727.00783680 -7727.00781 -7721.57129 c0425.gout
-7727.62469708 -7727.62451 -7720.73486 c0426.gout
-7727.59174295 -7727.59180 -7721.70703 c0427.gout
-7727.82937138 -7727.82959 -7721.50830 c0428.gout
-7727.58913486 -7727.58936 -7720.97803 c0429.gout
-7727.44578537 -7727.44580 -7721.50342 c0430.gout
-7727.43297735 -7727.43311 -7721.38574 c0431.gout
-7727.48125733 -7727.48145 -7721.38623 c0432.gout
-7726.93763511 -7726.93750 -7720.81982 c0433.gout
-7727.48251381 -7727.48242 -7721.42383 c0434.gout
-7726.77317784 -7726.77295 -7721.38086 c0435.gout
-7726.85349661 -7726.85352 -7720.11621 c0436.gout
-7726.81828805 -7726.81836 -7721.34473 c0437.gout
-7727.46879295 -7727.46875 -7720.70850 c0438.gout
-7727.48196860 -7727.48193 -7721.39355 c0439.gout
-7727.45540991 -7727.45557 -7721.40869 c0440.gout
-7727.45550559 -7727.45557 -7721.34229 c0441.gout
-7727.37617181 -7727.37598 -7721.36230 c0442.gout
-7727.37011235 -7727.37012 -7721.32080 c0443.gout
-7727.38999840 -7727.39014 -7721.33643 c0444.gout
-7726.71309252 -7726.71289 -7720.59082 c0445.gout
-7727.38600861 -7727.38623 -7721.28369 c0446.gout
-7726.90727198 -7726.90723 -7721.31689 c0447.gout
-7726.90507232 -7726.90527 -7720.35010 c0448.gout
-7726.78906332 -7726.78906 -7721.29590 c0449.gout
-7727.38716281 -7727.38721 -7720.71631 c0450.gout
-7727.37655908 -7727.37646 -7721.27686 c0451.gout
-7727.36950947 -7727.36963 -7721.32764 c0452.gout
-7727.34602873 -7727.34619 -7721.25879 c0453.gout
-7726.83006512 -7726.83008 -7720.16211 c0462.gout
-7726.76370970 -7726.76367 -7721.55127 c0466.gout
-7727.63349750 -7727.63330 -7720.84082 c0467.gout
-7726.86686503 -7726.86670 -7721.54834 c0468.gout
-7727.06643251 -7727.06641 -7720.66895 c0469.gout
-7727.75863073 -7727.75879 -7721.54199 c0470.gout
-7727.70791832 -7727.70801 -7720.85938 c0471.gout
-7727.60680195 -7727.60693 -7721.72314 c0472.gout
-7727.53681598 -7727.53662 -7721.53955 c0473.gout
-7727.42776407 -7727.42773 -7721.33887 c0474.gout
-7727.46545470 -7727.46533 -7721.32812 c0475.gout
-7727.50897871 -7727.50879 -7721.32666 c0476.gout
-7726.90634174 -7726.90625 -7720.85205 c0477.gout
-7726.74062269 -7726.74072 -7721.37695 c0478.gout
-7727.45048941 -7727.45068 -7720.67725 c0479.gout
-7726.83828673 -7726.83838 -7721.31982 c0480.gout
-7726.87658154 -7726.87646 -7720.10352 c0481.gout
-7727.51911946 -7727.51904 -7721.37988 c0482.gout
-7727.44448885 -7727.44434 -7721.35596 c0483.gout
-7727.49913105 -7727.49902 -7721.33984 c0484.gout
-7727.47865131 -7727.47852 -7721.41602 c0485.gout
-7727.36368776 -7727.36377 -7721.26953 c0486.gout
-7727.35987022 -7727.35986 -7721.26514 c0487.gout
-7727.40281694 -7727.40283 -7721.24219 c0488.gout
-7726.74364401 -7726.74365 -7720.60059 c0489.gout
-7726.74377620 -7726.74365 -7721.27979 c0490.gout
-7727.40049992 -7727.40039 -7720.79199 c0491.gout
-7726.74464329 -7726.74463 -7721.28369 c0492.gout
-7726.87726926 -7726.87744 -7720.21777 c0493.gout
-7727.43865943 -7727.43848 -7721.28906 c0494.gout
-7727.36275299 -7727.36279 -7721.27490 c0495.gout
-7727.36122209 -7727.36133 -7721.23047 c0496.gout
-7726.80911730 -7726.80908 -7720.20459 c0504.gout
-7727.04782584 -7727.04785 -7720.86182 c0509.gout
-7726.28772921 -7726.28760 -7721.56934 c0510.gout
-7727.00810581 -7727.00830 -7720.73291 c0511.gout
-7726.96952994 -7726.96973 -7721.49658 c0512.gout
-7727.07864745 -7727.07861 -7721.50635 c0513.gout
-7727.04271851 -7727.04248 -7720.97607 c0514.gout
-7726.83956988 -7726.83936 -7721.52539 c0515.gout
-7726.74949178 -7726.74951 -7721.41895 c0516.gout
-7726.81508743 -7726.81494 -7721.32520 c0517.gout
-7726.83082375 -7726.83105 -7721.36670 c0518.gout
-7726.82939640 -7726.82959 -7721.40283 c0519.gout
-7726.11371253 -7726.11377 -7720.84912 c0520.gout
-7726.55173038 -7726.55176 -7720.69629 c0521.gout
-7726.15769963 -7726.15771 -7720.75879 c0522.gout
-7726.55545748 -7726.55566 -7720.70850 c0523.gout
-7726.54634295 -7726.54639 -7721.37109 c0524.gout
-7726.54286811 -7726.54297 -7721.39746 c0525.gout
-7726.76440616 -7726.76465 -7721.37012 c0526.gout
-7726.45433059 -7726.45410 -7721.38867 c0527.gout
-7726.70418369 -7726.70410 -7721.36719 c0528.gout
-7726.69223130 -7726.69238 -7721.25781 c0529.gout
-7726.72429286 -7726.72412 -7721.24902 c0530.gout
-7726.74358321 -7726.74365 -7721.29590 c0531.gout
-7726.00389182 -7726.00391 -7720.64062 c0532.gout
-7726.73253261 -7726.73242 -7720.82373 c0533.gout
-7726.10580866 -7726.10596 -7720.82910 c0534.gout
-7726.74392284 -7726.74414 -7720.70361 c0535.gout
-7726.76370608 -7726.76367 -7721.28027 c0536.gout
-7726.71337660 -7726.71338 -7721.29053 c0537.gout
-7726.70961393 -7726.70947 -7721.28662 c0538.gout
-7726.20636303 -7726.20654 -7720.21289 c0545.gout
-7727.00759643 -7727.00781 -7721.01514 c0551.gout
-7727.74916726 -7727.74902 -7720.17871 c0552.gout
-7727.73957411 -7727.73975 -7720.98535 c0553.gout
-7727.79531013 -7727.79541 -7720.85107 c0554.gout
-7727.69897762 -7727.69922 -7721.08936 c0555.gout
-7727.54288900 -7727.54297 -7720.87256 c0556.gout
-7727.51831219 -7727.51855 -7720.74023 c0557.gout
-7727.49836210 -7727.49854 -7720.67578 c0558.gout
-7726.96191576 -7726.96191 -7720.11621 c0559.gout
-7727.54117957 -7727.54102 -7720.75537 c0560.gout
-7726.85160397 -7726.85156 -7720.72949 c0561.gout
-7726.96784401 -7726.96777 -7719.50635 c0562.gout
-7726.85630647 -7726.85645 -7720.69971 c0563.gout
-7727.53807358 -7727.53809 -7720.04639 c0564.gout
-7727.52832294 -7727.52832 -7720.71094 c0565.gout
-7727.51635504 -7727.51611 -7720.74072 c0566.gout
-7727.58166635 -7727.58154 -7720.73926 c0567.gout
-7727.45123407 -7727.45117 -7720.70898 c0568.gout
-7727.46106430 -7727.46094 -7720.67432 c0569.gout
-7727.39316257 -7727.39307 -7720.61182 c0570.gout
-7726.96887109 -7726.96875 -7720.12549 c0571.gout
-7727.45596000 -7727.45605 -7720.62305 c0572.gout
-7726.97355496 -7726.97363 -7720.65283 c0573.gout
-7726.78493425 -7726.78516 -7719.50195 c0574.gout
-7726.85536682 -7726.85547 -7720.64307 c0575.gout
-7727.46467190 -7727.46484 -7720.06689 c0576.gout
-7727.44259596 -7727.44238 -7720.61670 c0577.gout
-7727.43281739 -7727.43262 -7720.66064 c0578.gout
-7727.48952455 -7727.48975 -7720.66992 c0579.gout
-7726.89987388 -7726.89990 -7719.54639 c0585.gout
-7726.99935766 -7726.99951 -7720.88623 c0592.gout
-7726.96526334 -7726.96533 -7721.61523 c0593.gout
-7727.03391635 -7727.03369 -7721.63623 c0594.gout
-7726.96520554 -7726.96533 -7721.65430 c0595.gout
-7726.78418313 -7726.78418 -7721.58936 c0596.gout
-7726.84381982 -7726.84375 -7721.41797 c0597.gout
-7726.77115649 -7726.77100 -7721.40381 c0598.gout
-7726.78095116 -7726.78076 -7721.40771 c0599.gout
-7726.69624829 -7726.69629 -7721.46094 c0600.gout
-7726.09193692 -7726.09180 -7720.85498 c0601.gout
-7726.82953013 -7726.82959 -7720.74365 c0602.gout
-7726.17356470 -7726.17334 -7720.85840 c0603.gout
-7726.78237419 -7726.78223 -7720.77295 c0604.gout
-7726.76877566 -7726.76855 -7721.47754 c0605.gout
-7726.66453226 -7726.66455 -7721.42432 c0606.gout
-7726.70302788 -7726.70312 -7721.41162 c0607.gout
-7726.76645556 -7726.76660 -7721.45166 c0608.gout
-7726.78365149 -7726.78369 -7721.35205 c0609.gout
-7726.56983639 -7726.56982 -7721.31396 c0610.gout
-7726.60120617 -7726.60107 -7721.29785 c0611.gout
-7726.68613655 -7726.68604 -7721.34131 c0612.gout
-7726.14974583 -7726.14990 -7720.88477 c0613.gout
-7726.61670766 -7726.61670 -7720.88379 c0614.gout
-7725.99548154 -7725.99561 -7720.69043 c0615.gout
-7726.68626197 -7726.68604 -7720.76025 c0616.gout
-7726.74631935 -7726.74609 -7721.40088 c0617.gout
-7726.58238125 -7726.58252 -7721.33984 c0618.gout
-7726.68836808 -7726.68848 -7721.32910 c0619.gout
-7726.16604644 -7726.16602 -7720.27637 c0624.gout
-7727.67534321 -7727.67529 -7720.77881 c0632.gout
-7727.76315208 -7727.76318 -7720.72217 c0633.gout
-7727.70744028 -7727.70752 -7720.89551 c0634.gout
-7727.49515049 -7727.49512 -7720.72314 c0635.gout
-7727.47951529 -7727.47949 -7720.60205 c0636.gout
-7727.49877811 -7727.49854 -7720.57666 c0637.gout
-7727.53363360 -7727.53369 -7720.56934 c0638.gout
-7726.91517185 -7726.91504 -7720.04248 c0639.gout
-7726.75405964 -7726.75391 -7720.60254 c0640.gout
-7727.48305879 -7727.48291 -7719.92627 c0641.gout
-7726.82467993 -7726.82471 -7720.55176 c0642.gout
-7726.90395090 -7726.90381 -7719.38770 c0643.gout
-7727.52465922 -7727.52490 -7720.60596 c0644.gout
-7727.52184572 -7727.52197 -7720.64697 c0645.gout
-7727.49421942 -7727.49414 -7720.55127 c0646.gout
-7727.43284268 -7727.43262 -7720.58545 c0647.gout
-7727.38960974 -7727.38965 -7720.51025 c0648.gout
-7727.39379262 -7727.39355 -7720.51270 c0649.gout
-7727.41623700 -7727.41602 -7720.47217 c0650.gout
-7726.88163449 -7726.88184 -7720.02930 c0651.gout
-7726.93915019 -7726.93896 -7720.51318 c0652.gout
-7727.42572948 -7727.42578 -7720.03320 c0653.gout
-7726.84336082 -7726.84326 -7720.52832 c0654.gout
-7726.74223453 -7726.74219 -7719.26367 c0655.gout
-7727.44780343 -7727.44775 -7720.51611 c0656.gout
-7727.44982084 -7727.44971 -7720.58008 c0657.gout
-7727.38111226 -7727.38135 -7720.46436 c0658.gout
-7726.88525716 -7726.88525 -7719.44189 c0662.gout
-7727.70793165 -7727.70801 -7721.60645 c0671.gout
-7727.60664474 -7727.60645 -7721.70215 c0672.gout
-7726.84398494 -7726.84375 -7720.95996 c0673.gout
-7727.41918177 -7727.41895 -7721.40234 c0674.gout
-7727.42245894 -7727.42236 -7721.36572 c0675.gout
-7727.48924598 -7727.48926 -7721.38428 c0676.gout
-7727.46992450 -7727.46973 -7721.44873 c0677.gout
-7726.74557057 -7726.74561 -7721.39502 c0678.gout
-7727.39219370 -7727.39209 -7720.70166 c0679.gout
-7726.79145037 -7726.79150 -7721.37012 c0680.gout
-7727.48775161 -7727.48779 -7720.77100 c0681.gout
-7726.88852920 -7726.88867 -7720.87109 c0682.gout
-7727.44021159 -7727.44043 -7721.42578 c0683.gout
-7727.45436421 -7727.45459 -7721.37012 c0684.gout
-7726.86677332 -7726.86670 -7720.93701 c0685.gout
-7727.35081443 -7727.35059 -7721.33203 c0686.gout
-7727.32729252 -7727.32715 -7721.31006 c0687.gout
-7727.33373721 -7727.33350 -7721.25293 c0688.gout
-7727.39521085 -7727.39502 -7721.32080 c0689.gout
-7726.88878883 -7726.88867 -7721.31006 c0690.gout
-7727.34705786 -7727.34717 -7720.81738 c0691.gout
-7726.79193546 -7726.79199 -7721.32666 c0692.gout
-7727.41790188 -7727.41797 -7720.78467 c0693.gout
-7726.71414156 -7726.71436 -7720.65674 c0694.gout
-7727.34093450 -7727.34082 -7721.33252 c0695.gout
-7727.36346934 -7727.36328 -7721.30762 c0696.gout
-7726.83595605 -7726.83594 -7720.23584 c0699.gout
-7727.70489528 -7727.70508 -7721.64551 c0709.gout
-7727.54376788 -7727.54395 -7721.48730 c0710.gout
-7727.50709169 -7727.50732 -7721.34375 c0711.gout
-7726.93446702 -7726.93457 -7720.72705 c0712.gout
-7727.59063471 -7727.59082 -7721.33691 c0713.gout
-7727.53537937 -7727.53516 -7721.36230 c0714.gout
-7726.87653199 -7726.87646 -7721.35889 c0715.gout
-7727.54745166 -7727.54736 -7720.70410 c0716.gout
-7726.81523613 -7726.81543 -7721.28955 c0717.gout
-7727.55774171 -7727.55762 -7720.67920 c0718.gout
-7727.55504079 -7727.55518 -7721.34424 c0719.gout
-7727.00282716 -7727.00293 -7720.82031 c0720.gout
-7727.56746165 -7727.56738 -7721.33252 c0721.gout
-7727.47104328 -7727.47119 -7721.34521 c0722.gout
-7727.45712904 -7727.45703 -7721.28613 c0723.gout
-7726.98086602 -7726.98096 -7720.77783 c0724.gout
-7727.46823547 -7727.46826 -7721.23145 c0725.gout
-7727.45691414 -7727.45703 -7721.23438 c0726.gout
-7726.98578191 -7726.98584 -7721.24805 c0727.gout
-7727.52038865 -7727.52051 -7720.83740 c0728.gout
-7726.86498427 -7726.86475 -7721.24170 c0729.gout
-7727.46317430 -7727.46338 -7720.67969 c0730.gout
-7727.48914900 -7727.48926 -7721.27441 c0731.gout
-7726.78811637 -7726.78809 -7720.61572 c0732.gout
-7727.43877427 -7727.43896 -7721.23682 c0733.gout
-7726.91623913 -7726.91602 -7720.07910 c0735.gout
-7727.44046403 -7727.44043 -7721.58105 c0746.gout
-7726.84976402 -7726.84961 -7720.85742 c0747.gout
-7727.42232736 -7727.42236 -7721.40674 c0748.gout
-7727.46682431 -7727.46680 -7721.40283 c0749.gout
-7727.46069441 -7727.46094 -7721.47852 c0750.gout
-7726.76598110 -7726.76611 -7721.46387 c0751.gout
-7727.41547723 -7727.41553 -7720.76465 c0752.gout
-7726.82616332 -7726.82617 -7721.44434 c0753.gout
-7727.43384177 -7727.43408 -7720.75098 c0754.gout
-7727.48543903 -7727.48535 -7721.45898 c0755.gout
-7727.41796493 -7727.41797 -7721.44580 c0756.gout
-7726.90897625 -7726.90918 -7720.87939 c0757.gout
-7727.38541586 -7727.38525 -7721.45166 c0758.gout
-7726.88148052 -7726.88135 -7720.90625 c0759.gout
-7727.31230814 -7727.31250 -7721.33838 c0760.gout
-7727.33922961 -7727.33936 -7721.29736 c0761.gout
-7727.35363402 -7727.35352 -7721.32471 c0762.gout
-7726.71336271 -7726.71338 -7721.37891 c0763.gout
-7727.37062805 -7727.37061 -7720.88477 c0764.gout
-7726.78288481 -7726.78271 -7721.41406 c0765.gout
-7727.33911472 -7727.33936 -7720.74707 c0766.gout
-7727.37680775 -7727.37695 -7721.35596 c0767.gout
-7727.35334348 -7727.35352 -7721.38574 c0768.gout
-7726.69029072 -7726.69043 -7720.67236 c0769.gout
-7726.70480260 -7726.70459 -7720.78320 c0770.gout
-7727.29133434 -7727.29150 -7720.78418 c0782.gout
-7727.30219121 -7727.30225 -7721.18164 c0783.gout
-7727.35029788 -7727.35010 -7721.19189 c0784.gout
-7727.31511307 -7727.31494 -7721.23828 c0785.gout
-7726.63358560 -7726.63379 -7721.20068 c0786.gout
-7727.26213946 -7727.26221 -7720.51270 c0787.gout
-7726.59278279 -7726.59277 -7721.14941 c0788.gout
-7727.27777033 -7727.27783 -7720.48926 c0789.gout
-7726.67666052 -7726.67676 -7721.16553 c0790.gout
-7727.20691564 -7727.20703 -7720.59619 c0791.gout
-7727.28770036 -7727.28760 -7721.09375 c0792.gout
-7726.67479432 -7726.67480 -7721.17383 c0793.gout
-7727.20230950 -7727.20215 -7720.60840 c0794.gout
-7727.12727613 -7727.12744 -7721.08936 c0795.gout
-7727.18967554 -7727.18945 -7721.01270 c0796.gout
-7726.98771817 -7726.98779 -7721.07764 c0797.gout
-7726.74299997 -7726.74316 -7720.87695 c0798.gout
-7727.25042397 -7727.25049 -7720.58936 c0799.gout
-7726.63730604 -7726.63721 -7721.13916 c0800.gout
-7727.20067820 -7727.20068 -7720.54492 c0801.gout
-7726.70991431 -7726.70996 -7721.08594 c0802.gout
-7727.19708433 -7727.19727 -7720.61719 c0803.gout
-7727.20756018 -7727.20752 -7721.08643 c0804.gout
-7726.60000153 -7726.60010 -7721.09375 c0805.gout
-7727.26851122 -7727.26855 -7721.04004 c0817.gout
-7727.29719850 -7727.29736 -7721.02783 c0818.gout
-7727.29172381 -7727.29150 -7721.09668 c0819.gout
-7726.57882292 -7726.57861 -7721.05908 c0820.gout
-7727.20301577 -7727.20312 -7720.33691 c0821.gout
-7726.54357060 -7726.54346 -7720.40625 c0822.gout
-7727.26717029 -7727.26709 -7720.34766 c0823.gout
-7727.20865344 -7727.20850 -7721.03076 c0824.gout
-7727.22064132 -7727.22070 -7721.03662 c0825.gout
-7726.69222130 -7726.69238 -7720.95215 c0826.gout
-7727.15377206 -7727.15381 -7721.00488 c0827.gout
-7726.66192129 -7726.66211 -7720.46680 c0828.gout
-7727.13856995 -7727.13867 -7720.94775 c0829.gout
-7727.13282684 -7727.13281 -7720.87988 c0830.gout
-7727.17506765 -7727.17529 -7720.93604 c0831.gout
-7726.65890842 -7726.65869 -7720.73535 c0832.gout
-7727.20903437 -7727.20898 -7720.51270 c0833.gout
-7726.58839618 -7726.58838 -7720.94824 c0834.gout
-7727.21219482 -7727.21240 -7720.40723 c0835.gout
-7727.20560582 -7727.20557 -7720.96826 c0836.gout
-7727.16586818 -7727.16602 -7720.98584 c0837.gout
-7726.67296285 -7726.67285 -7720.43652 c0838.gout
-7726.67136029 -7726.67139 -7720.15479 c0849.gout
-7727.31500721 -7727.31494 -7720.99316 c0851.gout
-7727.28474151 -7727.28467 -7721.04834 c0852.gout
-7726.52386235 -7726.52393 -7721.03809 c0853.gout
-7727.20835460 -7727.20850 -7719.72705 c0854.gout
-7726.60788688 -7726.60791 -7720.94727 c0855.gout
-7727.25554343 -7727.25537 -7720.31250 c0856.gout
-7727.26746990 -7727.26758 -7720.99609 c0857.gout
-7726.67313780 -7726.67334 -7720.95410 c0858.gout
-7727.21486512 -7727.21484 -7720.96533 c0859.gout
-7727.21208634 -7727.21191 -7721.01562 c0860.gout
-7727.13063927 -7727.13086 -7720.90039 c0861.gout
-7726.67022933 -7726.67041 -7720.39941 c0862.gout
-7726.94797304 -7726.94775 -7720.64893 c0863.gout
-7727.16195653 -7727.16211 -7720.87793 c0864.gout
-7726.71588989 -7726.71582 -7720.92041 c0865.gout
-7727.17788652 -7727.17773 -7720.43262 c0866.gout
-7726.61919582 -7726.61914 -7720.96289 c0867.gout
-7727.21695418 -7727.21680 -7720.36865 c0868.gout
-7727.21482029 -7727.21484 -7720.93555 c0869.gout
-7726.68748090 -7726.68750 -7720.44092 c0870.gout
-7727.17990154 -7727.17969 -7720.91016 c0871.gout
-7726.69085013 -7726.69092 -7720.11182 c0881.gout
-7727.36543119 -7727.36523 -7721.08105 c0884.gout
-7726.66016891 -7726.66016 -7721.05713 c0885.gout
-7726.69622390 -7726.69629 -7720.27148 c0886.gout
-7726.75267057 -7726.75244 -7720.96387 c0887.gout
-7727.31781827 -7727.31787 -7720.32959 c0888.gout
-7727.34401419 -7727.34424 -7721.00000 c0889.gout
-7727.28071879 -7727.28076 -7721.00537 c0890.gout
-7727.31416947 -7727.31396 -7720.39355 c0891.gout
-7727.25045318 -7727.25049 -7721.01270 c0892.gout
-7727.00048872 -7727.00049 -7720.72314 c0893.gout
-7727.16769476 -7727.16748 -7720.88672 c0894.gout
-7726.71587701 -7726.71582 -7720.37842 c0895.gout
-7727.25623879 -7727.25635 -7720.92480 c0896.gout
-7726.76635727 -7726.76611 -7720.89844 c0897.gout
-7726.74016876 -7726.74023 -7719.95850 c0898.gout
-7726.66063679 -7726.66064 -7720.94775 c0899.gout
-7727.25621299 -7727.25635 -7720.35938 c0900.gout
-7727.29342347 -7727.29346 -7720.96924 c0901.gout
-7727.25322311 -7727.25342 -7720.98096 c0902.gout
-7727.21073142 -7727.21094 -7720.89648 c0903.gout
-7726.73731572 -7726.73730 -7720.06592 c0912.gout
-7726.62349464 -7726.62354 -7721.11230 c0916.gout
-7727.20380277 -7727.20361 -7720.37451 c0917.gout
-7726.59849931 -7726.59863 -7721.01904 c0918.gout
-7726.69263474 -7726.69287 -7720.33691 c0919.gout
-7727.29268356 -7727.29248 -7721.05469 c0920.gout
-7727.25409878 -7727.25391 -7720.48535 c0921.gout
-7727.31571736 -7727.31592 -7721.02441 c0922.gout
-7727.20591485 -7727.20605 -7721.04443 c0923.gout
-7727.19842261 -7727.19824 -7720.99805 c0924.gout
-7726.95106178 -7726.95117 -7720.74561 c0925.gout
-7727.16663880 -7727.16650 -7720.90186 c0926.gout
-7726.69916816 -7726.69922 -7720.46631 c0927.gout
-7726.75404068 -7726.75391 -7720.99902 c0928.gout
-7727.23465716 -7727.23486 -7720.52197 c0929.gout
-7726.63409423 -7726.63428 -7721.00488 c0930.gout
-7726.70983538 -7726.70996 -7719.90430 c0931.gout
-7727.26674505 -7727.26660 -7721.02051 c0932.gout
-7727.18161037 -7727.18164 -7720.99072 c0933.gout
-7727.23621879 -7727.23633 -7721.00098 c0934.gout
-7726.65478126 -7726.65479 -7720.18652 c0942.gout
-7726.49886912 -7726.49902 -7720.35059 c0947.gout
-7725.98285114 -7725.98291 -7720.99512 c0948.gout
-7726.62844927 -7726.62842 -7720.36084 c0949.gout
-7726.60534080 -7726.60547 -7720.98975 c0950.gout
-7726.60508919 -7726.60498 -7721.03662 c0951.gout
-7726.63260574 -7726.63281 -7720.42480 c0952.gout
-7726.48648166 -7726.48633 -7720.82422 c0953.gout
-7726.51937854 -7726.51953 -7720.95068 c0954.gout
-7726.49224752 -7726.41357 -7720.94141 c0955.gout
-7726.53578836 -7726.53564 -7720.92334 c0956.gout
-7726.52789743 -7726.52783 -7720.91064 c0957.gout
-7725.89419156 -7725.95166 -7720.46143 c0958.gout
-7726.53756367 -7726.53760 -7720.50000 c0959.gout
-7725.91643902 -7725.91650 -7720.47070 c0960.gout
-7726.53834081 -7726.53857 -7720.38867 c0961.gout
-7726.55677393 -7726.55664 -7720.95117 c0962.gout
-7726.45102620 -7726.51660 -7721.01611 c0963.gout
-7726.44731837 -7726.44727 -7720.97314 c0964.gout
-7726.02430293 -7726.02441 -7720.14990 c0971.gout
-7726.64440041 -7726.64453 -7720.34814 c0977.gout
-7727.29933806 -7727.29932 -7719.71387 c0978.gout
-7727.29717448 -7727.29736 -7720.39062 c0979.gout
-7727.24442620 -7727.24463 -7720.37500 c0980.gout
-7727.27286857 -7727.27295 -7720.31250 c0981.gout
-7727.23028816 -7727.23047 -7720.40137 c0982.gout
-7727.19294158 -7727.19287 -7720.32764 c0983.gout
-7727.11695461 -7727.11719 -7720.24951 c0984.gout
-7726.66663568 -7726.66650 -7719.73389 c0985.gout
-7727.19432520 -7727.19434 -7720.27490 c0986.gout
-7726.54384063 -7726.54395 -7720.29590 c0987.gout
-7726.64579785 -7726.64600 -7719.28955 c0988.gout
-7726.53386258 -7726.60840 -7720.28418 c0989.gout
-7727.13498943 -7727.13477 -7719.64844 c0990.gout
-7727.18381810 -7727.18359 -7720.26709 c0991.gout
-7726.92451517 -7726.92432 -7720.06299 c0992.gout
-7727.12683403 -7727.12695 -7720.22021 c0993.gout
-7726.66678655 -7726.66699 -7719.45020 c0999.gout
-7726.64777782 -7726.64795 -7720.35840 c1006.gout
-7726.60295949 -7726.60303 -7721.01367 c1007.gout
-7726.62525001 -7726.62549 -7721.04102 c1008.gout
-7726.63672823 -7726.63672 -7720.98291 c1009.gout
-7726.53764896 -7726.53760 -7721.04199 c1010.gout
-7726.51251474 -7726.51270 -7720.92676 c1011.gout
-7726.55130756 -7726.50830 -7720.94336 c1012.gout
-7726.54551664 -7726.54541 -7720.88672 c1013.gout
-7726.53994048 -7726.54004 -7720.92139 c1014.gout
-7726.11472384 -7726.11475 -7720.43018 c1015.gout
-7726.49482829 -7726.49463 -7720.40234 c1016.gout
-7725.92729594 -7725.92725 -7720.41504 c1017.gout
-7726.53469097 -7726.53467 -7720.33838 c1018.gout
-7726.51236433 -7726.51221 -7720.88818 c1019.gout
-7726.51381466 -7726.51367 -7720.92725 c1020.gout
-7726.54919603 -7726.54932 -7720.66846 c1021.gout
-7726.04379242 -7726.04395 -7720.11719 c1026.gout
-7727.32800608 -7727.32812 -7720.37939 c1034.gout
-7727.28819597 -7727.28809 -7720.38525 c1035.gout
-7727.33419299 -7727.33398 -7720.37012 c1036.gout
-7727.21812962 -7727.21826 -7720.36230 c1037.gout
-7727.24226991 -7727.24219 -7720.34180 c1038.gout
-7727.20533678 -7727.20557 -7720.30518 c1039.gout
-7727.21862812 -7727.21875 -7720.25439 c1040.gout
-7726.70806744 -7726.70801 -7719.77686 c1041.gout
-7726.54262090 -7726.54248 -7720.30420 c1042.gout
-7727.22606152 -7727.22607 -7719.81348 c1043.gout
-7726.62685995 -7726.62695 -7720.24902 c1044.gout
-7726.67734912 -7726.69287 -7719.19043 c1045.gout
-7727.00054390 -7727.00049 -7720.05762 c1046.gout
-7727.16319684 -7727.16309 -7720.26953 c1047.gout
-7727.18848856 -7727.18848 -7720.25391 c1048.gout
-7726.72188972 -7726.72168 -7719.48486 c1052.gout
-7727.32005168 -7727.31982 -7721.08350 c1061.gout
-7727.35255865 -7727.35254 -7721.04688 c1062.gout
-7726.68520200 -7726.68506 -7720.55469 c1063.gout
-7727.22556524 -7727.22559 -7720.99316 c1064.gout
-7727.19293165 -7727.19287 -7720.96240 c1065.gout
-7727.25161315 -7727.25146 -7720.95459 c1066.gout
-7727.26767295 -7727.26758 -7720.98340 c1067.gout
-7726.74120323 -7726.74121 -7720.95703 c1068.gout
-7727.22135655 -7727.22119 -7720.47705 c1069.gout
-7726.54563236 -7726.54541 -7720.73828 c1070.gout
-7727.19359752 -7727.19336 -7720.34424 c1071.gout
-7726.70146499 -7726.70166 -7720.45361 c1072.gout
-7727.20696586 -7727.20703 -7720.98291 c1073.gout
-7727.16360274 -7727.16357 -7720.89844 c1074.gout
-7726.73132152 -7726.73145 -7720.14893 c1077.gout
-7727.31331641 -7727.31348 -7721.05273 c1087.gout
-7727.21386620 -7727.21387 -7721.06885 c1088.gout
-7727.18849764 -7727.18848 -7721.00098 c1089.gout
-7726.68555511 -7726.68555 -7720.45801 c1090.gout
-7727.20917439 -7727.20898 -7720.95654 c1091.gout
-7727.18266683 -7727.18262 -7720.94385 c1092.gout
-7726.55521954 -7726.55518 -7721.01221 c1093.gout
-7727.16056883 -7727.16064 -7720.45947 c1094.gout
-7726.60385168 -7726.60400 -7720.96387 c1095.gout
-7726.96024443 -7726.96045 -7720.15381 c1096.gout
-7727.16344002 -7727.16357 -7720.92773 c1097.gout
-7726.67629122 -7726.67627 -7720.47510 c1098.gout
-7727.17556101 -7727.17578 -7720.94971 c1099.gout
-7726.67815859 -7726.67822 -7720.05469 c1101.gout
-7727.24711864 -7727.24707 -7721.03418 c1112.gout
-7726.70996789 -7726.70996 -7720.45410 c1113.gout
-7727.18546120 -7727.18555 -7720.92969 c1114.gout
-7727.19359178 -7727.19336 -7720.87451 c1115.gout
-7727.26593618 -7727.26611 -7720.95654 c1116.gout
-7726.57653125 -7726.57666 -7720.97168 c1117.gout
-7727.00022274 -7727.00000 -7720.22656 c1118.gout
-7726.63290496 -7726.63281 -7720.90381 c1119.gout
-7727.21330241 -7727.21338 -7720.33691 c1120.gout
-7727.24061845 -7727.24072 -7720.93652 c1121.gout
-7727.15963515 -7727.15967 -7720.90674 c1122.gout
-7726.69210982 -7726.69189 -7720.39941 c1123.gout
-7726.60721245 -7726.60742 -7720.62646 c1124.gout
-7727.13252365 -7727.13232 -7720.69580 c1136.gout
-7727.10835614 -7727.10840 -7721.08398 c1137.gout
-7727.17292138 -7727.17285 -7721.05273 c1138.gout
-7727.14848480 -7727.14844 -7721.12207 c1139.gout
-7726.67652468 -7726.67676 -7721.10059 c1140.gout
-7727.15646564 -7727.15625 -7720.61670 c1141.gout
-7726.56741740 -7726.56738 -7721.10547 c1142.gout
-7727.11810494 -7727.11816 -7720.49072 c1143.gout
-7726.58696920 -7726.47559 -7721.06201 c1144.gout
-7727.13268342 -7727.13281 -7720.57764 c1145.gout
-7727.09738026 -7727.09717 -7721.07959 c1146.gout
-7726.43897507 -7726.43896 -7721.03809 c1147.gout
-7727.07415626 -7727.07422 -7721.01416 c1159.gout
-7727.10403844 -7727.10400 -7720.97900 c1160.gout
-7727.16572843 -7727.16553 -7721.05225 c1161.gout
-7726.65197106 -7726.65186 -7721.03076 c1162.gout
-7727.09671185 -7727.09668 -7720.51514 c1163.gout
-7726.52657990 -7726.52637 -7720.49609 c1164.gout
-7727.12280391 -7727.12305 -7720.42090 c1165.gout
-7727.14131712 -7727.14111 -7720.98633 c1166.gout
-7727.05389403 -7727.05371 -7721.00195 c1167.gout
-7726.56817313 -7726.56836 -7721.00977 c1168.gout
-7727.06705708 -7727.06689 -7720.94629 c1181.gout
-7727.09326616 -7727.09326 -7720.97900 c1182.gout
-7726.47470527 -7726.61914 -7721.03857 c1183.gout
-7727.05555972 -7727.05566 -7719.98242 c1184.gout
-7726.43740388 -7726.50439 -7720.97852 c1185.gout
-7727.06201188 -7727.06201 -7720.37305 c1186.gout
-7727.06288208 -7727.06299 -7720.95361 c1187.gout
-7726.56929656 -7726.56934 -7721.01611 c1188.gout
-7727.07598196 -7727.07617 -7720.93018 c1189.gout
-7727.12760660 -7727.12744 -7720.95166 c1202.gout
-7726.63715083 -7726.63721 -7720.97070 c1203.gout
-7726.57803598 -7726.47266 -7720.49219 c1204.gout
-7726.54427332 -7726.54443 -7720.92627 c1205.gout
-7727.07799895 -7727.07812 -7720.33594 c1206.gout
-7727.14018477 -7727.14014 -7720.94336 c1207.gout
-7727.07709815 -7727.07715 -7720.94385 c1208.gout
-7727.06922778 -7727.06934 -7720.40479 c1209.gout
-7726.66951530 -7726.66943 -7721.00342 c1222.gout
-7727.15029820 -7727.15039 -7720.47803 c1223.gout
-7726.55042903 -7726.55029 -7720.95898 c1224.gout
-7726.58496981 -7726.47070 -7720.41553 c1225.gout
-7727.13354622 -7727.13330 -7720.96094 c1226.gout
-7727.07933174 -7727.07910 -7720.47656 c1227.gout
-7727.12369487 -7727.12354 -7720.95264 c1228.gout
-7726.66519818 -7726.66504 -7720.49707 c1241.gout
-7726.05871090 -7726.05859 -7720.97803 c1242.gout
-7726.66515367 -7726.66504 -7720.38770 c1243.gout
-7726.67125917 -7726.67139 -7721.02100 c1244.gout
-7726.63072683 -7726.63086 -7720.99561 c1245.gout
-7726.63736903 -7726.63721 -7720.45654 c1246.gout
-7726.55647056 -7726.55664 -7720.57227 c1259.gout
-7727.13509655 -7727.13525 -7719.98193 c1260.gout
-7727.18863124 -7727.18848 -7720.56836 c1261.gout
-7727.11036330 -7727.11035 -7720.55127 c1262.gout
-7727.10864280 -7727.10840 -7720.48779 c1263.gout
-7726.53753049 -7726.53760 -7720.46289 c1276.gout
-7726.57763760 -7726.57764 -7721.01660 c1277.gout
-7726.53155251 -7726.53174 -7721.06494 c1278.gout
-7726.47061259 -7726.52637 -7720.99316 c1279.gout
-7727.14187780 -7727.14209 -7720.42627 c1292.gout
-7727.10065190 -7727.10059 -7720.44189 c1293.gout
-7727.14851851 -7727.14844 -7720.43555 c1294.gout
-7727.12427180 -7727.12451 -7721.06104 c1307.gout
-7727.12924546 -7727.12939 -7721.02197 c1308.gout
-7727.09281295 -7727.09277 -7721.03760 c1321.gout
-7726.10436158 -7726.10449 -7720.00684 c1364.gout
-7726.12470432 -7726.12451 -7720.01514 c1365.gout
-7726.14555873 -7726.14551 -7720.10693 c1373.gout
-7726.11415315 -7726.11426 -7720.10742 c1375.gout
-7726.05371176 -7726.05371 -7720.12891 c1379.gout
-7726.13807066 -7726.13818 -7720.06348 c1380.gout
-7726.09530982 -7726.09521 -7720.11426 c1385.gout
-7726.05620059 -7726.05615 -7720.12695 c1386.gout
-7726.12967237 -7726.12988 -7720.09180 c1391.gout
-7725.95246355 -7725.95264 -7720.10449 c1392.gout
-7726.09671038 -7726.09668 -7720.03906 c1393.gout
-7726.74902164 -7726.74902 -7719.59521 c1446.gout
-7726.74271365 -7726.74268 -7718.86035 c1447.gout
-7726.85175433 -7726.85156 -7719.06055 c1448.gout
-7726.86079275 -7726.86084 -7719.07764 c1449.gout
-7726.91425595 -7726.91406 -7719.08301 c1450.gout
-7726.90980135 -7726.90967 -7719.18066 c1451.gout
-7726.82976172 -7726.82959 -7719.04248 c1452.gout
-7726.84814192 -7726.84814 -7719.10986 c1453.gout
-7726.89100974 -7726.89111 -7719.05078 c1454.gout
-7726.86029948 -7726.86035 -7719.11182 c1455.gout
-7726.82723473 -7726.82715 -7719.07666 c1457.gout
-7726.79542530 -7726.79541 -7720.35400 c1473.gout
-7726.94954287 -7726.94971 -7719.77686 c1474.gout
-7726.90458703 -7726.90479 -7719.82520 c1475.gout
-7726.90251844 -7726.90234 -7719.82275 c1476.gout
-7726.87525175 -7726.87549 -7719.85205 c1477.gout
-7726.75515116 -7726.75537 -7720.39600 c1509.gout
-7726.85879599 -7726.85889 -7719.77295 c1510.gout
-7726.91652068 -7726.91650 -7719.92188 c1511.gout
-7726.86624778 -7726.86621 -7719.87939 c1512.gout
-7726.81022186 -7726.81006 -7719.77295 c1513.gout
-7726.85520427 -7726.85498 -7719.92188 c1514.gout
-7726.88138162 -7726.88135 -7719.88867 c1515.gout
-7726.88588190 -7726.88574 -7719.83301 c1517.gout
-7726.81356998 -7726.81348 -7719.86816 c1518.gout
-7726.89671426 -7726.89648 -7719.89209 c1519.gout
-7726.84697929 -7726.84717 -7719.89697 c1520.gout
-7726.72186658 -7726.72168 -7720.36279 c1533.gout
-7726.77671851 -7726.77686 -7719.69385 c1534.gout
-7726.84578406 -7726.84570 -7719.85303 c1535.gout
-7726.81672813 -7726.81689 -7719.82666 c1536.gout
-7726.88373182 -7726.88379 -7719.85010 c1537.gout
-7726.82291951 -7726.82275 -7720.28369 c1551.gout
-7726.97946253 -7726.97949 -7719.71680 c1552.gout
-7726.97393444 -7726.97412 -7719.80078 c1553.gout
-7726.97908394 -7726.97900 -7719.81152 c1554.gout
-7726.94656643 -7726.94678 -7719.84180 c1556.gout
-7726.73418734 -7726.73438 -7720.48535 c1569.gout
-7726.82658209 -7726.82666 -7719.84326 c1570.gout
-7726.79123881 -7726.79102 -7719.90039 c1571.gout
-7726.85784461 -7726.85791 -7719.93555 c1573.gout
-7726.83595717 -7726.83594 -7720.00537 c1574.gout
-7726.13409436 -7726.13428 -7720.30811 c1587.gout
-7726.20154154 -7726.20166 -7719.70312 c1588.gout
-7726.17805673 -7726.20361 -7719.81006 c1590.gout
-7726.24507332 -7726.24512 -7719.76953 c1591.gout
-7726.22731408 -7726.22754 -7719.87744 c1592.gout
-7726.66510914 -7726.66504 -7719.70312 c1605.gout
-7726.74636167 -7726.74658 -7719.15625 c1607.gout
-7726.73027101 -7726.73047 -7719.14111 c1608.gout
-7726.82584074 -7726.82568 -7719.20264 c1609.gout
-7726.76746790 -7726.76758 -7719.23535 c1610.gout
-7726.78238252 -7726.78223 -7719.61572 c1624.gout
-7726.80974782 -7726.80957 -7719.73682 c1625.gout
-7726.82735330 -7726.82715 -7719.75977 c1626.gout
-7726.86001421 -7726.85986 -7719.74609 c1627.gout
-7726.76888835 -7726.76904 -7719.75195 c1628.gout
-7726.08293139 -7726.08301 -7719.51904 c1653.gout
-7726.06156264 -7726.06152 -7719.61182 c1654.gout
-7726.10035745 -7726.10059 -7719.61914 c1655.gout
-7725.97769421 -7725.97754 -7719.63525 c1656.gout
-7726.09668317 -7726.09668 -7719.60498 c1657.gout
-7726.09749579 -7726.09766 -7719.62109 c1658.gout
-7726.05786550 -7726.05811 -7719.62988 c1659.gout
-7726.11913133 -7726.11914 -7719.55957 c1660.gout
-7726.06341969 -7726.06348 -7719.67578 c1661.gout
-7726.08879326 -7726.08887 -7719.64844 c1662.gout
-7726.06791917 -7726.06787 -7719.63867 c1663.gout
-7726.52977019 -7726.52979 -7719.43066 c1686.gout
-7726.64049270 -7726.64062 -7718.81348 c1687.gout
-7726.64065508 -7726.64062 -7718.90625 c1688.gout
-7726.64359272 -7726.64355 -7718.91602 c1689.gout
-7726.70202039 -7726.70215 -7718.92969 c1690.gout
-7726.56570948 -7726.56592 -7718.89941 c1691.gout
-7726.61933420 -7726.61914 -7718.88867 c1692.gout
-7726.63626403 -7726.63623 -7718.95410 c1693.gout
-7726.66504939 -7726.66504 -7718.88135 c1694.gout
-7726.63709888 -7726.63721 -7718.94727 c1695.gout
-7726.65291595 -7726.65283 -7718.96387 c1697.gout
-7726.50743439 -7726.50732 -7719.98096 c1719.gout
-7726.60899445 -7726.60889 -7719.35352 c1720.gout
-7726.62918675 -7726.62939 -7719.46240 c1721.gout
-7726.55116149 -7726.55127 -7719.39697 c1722.gout
-7726.67288443 -7726.67285 -7719.46729 c1723.gout
-7726.63174134 -7726.63184 -7719.52734 c1724.gout
-7726.65614038 -7726.65625 -7719.49463 c1725.gout
-7726.58485654 -7726.58496 -7719.47314 c1726.gout
-7726.61692677 -7726.61670 -7719.40283 c1727.gout
-7726.67509860 -7726.67529 -7719.49170 c1729.gout
-7726.60138186 -7726.60156 -7719.48193 c1730.gout
-7726.51265650 -7726.51270 -7719.97412 c1751.gout
-7726.52773991 -7726.52783 -7719.26904 c1752.gout
-7726.60937868 -7726.60938 -7719.43701 c1753.gout
-7726.61744390 -7726.61768 -7719.45215 c1754.gout
-7726.65736351 -7726.65723 -7719.44727 c1755.gout
-7726.60356834 -7726.60352 -7719.49463 c1756.gout
-7726.65503422 -7726.65527 -7719.48340 c1757.gout
-7726.58206631 -7726.58203 -7719.46094 c1758.gout
-7726.59622687 -7726.59619 -7719.47021 c1760.gout
-7726.59078186 -7726.59082 -7719.40771 c1761.gout
-7726.61008210 -7726.60986 -7719.48584 c1762.gout
-7726.52140549 -7726.52148 -7719.95068 c1782.gout
-7726.63550166 -7726.63574 -7719.33594 c1783.gout
-7726.55855387 -7726.55859 -7719.35693 c1784.gout
-7726.63251060 -7726.63232 -7719.43115 c1785.gout
-7726.69021064 -7726.69043 -7719.44238 c1786.gout
-7726.63168452 -7726.63184 -7719.48389 c1787.gout
-7726.64777886 -7726.64795 -7719.44043 c1788.gout
-7726.69342263 -7726.69336 -7719.43652 c1790.gout
-7726.59291023 -7726.59277 -7719.43066 c1791.gout
-7726.66977168 -7726.66992 -7719.45264 c1792.gout
-7726.60688169 -7726.60693 -7719.44385 c1793.gout
-7726.52032162 -7726.52051 -7719.90674 c1812.gout
-7726.65840697 -7726.65820 -7719.34863 c1813.gout
-7726.67663309 -7726.67676 -7719.45996 c1814.gout
-7726.66871371 -7726.66895 -7719.45654 c1815.gout
-7726.70823082 -7726.70801 -7719.45752 c1816.gout
-7726.67429971 -7726.67432 -7719.51514 c1817.gout
-7726.67909493 -7726.67920 -7719.50342 c1819.gout
-7726.69390355 -7726.69385 -7719.42969 c1820.gout
-7726.68975905 -7726.68994 -7719.51172 c1821.gout
-7726.67574543 -7726.67578 -7719.44678 c1822.gout
-7726.60666398 -7726.60645 -7719.44043 c1823.gout
-7726.52300337 -7726.52295 -7720.01025 c1841.gout
-7726.60260428 -7726.60254 -7719.35693 c1842.gout
-7726.66582633 -7726.66602 -7719.51416 c1843.gout
-7726.66945826 -7726.66943 -7719.53076 c1844.gout
-7726.69372409 -7726.69385 -7719.50244 c1845.gout
-7726.64517428 -7726.64502 -7719.49854 c1847.gout
-7726.59380444 -7726.59375 -7719.49951 c1848.gout
-7726.65724459 -7726.65723 -7719.45508 c1849.gout
-7726.63484604 -7726.63477 -7719.52783 c1850.gout
-7726.57809000 -7726.57812 -7719.41357 c1851.gout
-7726.60801982 -7726.60791 -7719.50244 c1852.gout
-7726.49587635 -7726.49609 -7719.94971 c1869.gout
-7726.66547440 -7726.66553 -7719.38086 c1870.gout
-7726.64591097 -7726.64600 -7719.45117 c1871.gout
-7726.65429775 -7726.65430 -7719.46680 c1872.gout
-7726.67593821 -7726.67578 -7719.54883 c1874.gout
-7726.64891195 -7726.64893 -7719.45654 c1875.gout
-7726.61134124 -7726.61133 -7719.47363 c1876.gout
-7726.66752733 -7726.66748 -7719.42334 c1877.gout
-7726.63146828 -7726.63135 -7719.48340 c1878.gout
-7726.66583871 -7726.66602 -7719.45947 c1879.gout
-7726.55356718 -7726.55371 -7719.40137 c1880.gout
-7726.53706457 -7726.53711 -7720.01611 c1896.gout
-7726.60595359 -7726.60596 -7719.36035 c1897.gout
-7726.59259861 -7726.59277 -7719.43311 c1898.gout
-7726.69113964 -7726.69092 -7719.50928 c1900.gout
-7726.62241520 -7726.62256 -7719.52734 c1901.gout
-7726.62056051 -7726.62061 -7719.46729 c1902.gout
-7726.58086789 -7726.58105 -7719.47412 c1903.gout
-7726.63481070 -7726.63477 -7719.43994 c1904.gout
-7726.54276293 -7726.54297 -7719.42480 c1905.gout
-7726.62366875 -7726.62354 -7719.45752 c1906.gout
-7726.59857343 -7726.59863 -7719.48975 c1907.gout
-7725.93503922 -7725.93506 -7719.99414 c1922.gout
-7726.03040431 -7726.03027 -7719.33740 c1923.gout
-7726.04504507 -7726.04492 -7719.43945 c1925.gout
-7726.08723252 -7726.08740 -7719.41455 c1926.gout
-7726.06437668 -7726.06445 -7719.52051 c1927.gout
-7726.05922996 -7726.05908 -7719.44971 c1928.gout
-7725.87168548 -7725.87158 -7719.37891 c1929.gout
-7726.06728738 -7726.06738 -7719.40381 c1930.gout
-7726.03873557 -7726.03857 -7719.46924 c1931.gout
-7726.04969270 -7726.04980 -7719.42676 c1932.gout
-7726.00273676 -7726.00293 -7719.44629 c1933.gout
-7726.52644514 -7726.52637 -7719.39355 c1947.gout
-7726.65931423 -7726.65918 -7718.89844 c1949.gout
-7726.60638918 -7726.60645 -7718.84229 c1950.gout
-7726.71045965 -7726.71045 -7718.90186 c1951.gout
-7726.62823073 -7726.62842 -7718.92090 c1952.gout
-7726.63657384 -7726.63672 -7718.86865 c1953.gout
-7726.59989290 -7726.60010 -7718.88818 c1954.gout
-7726.58546480 -7726.58545 -7718.76611 c1955.gout
-7726.61941616 -7726.61963 -7718.89062 c1956.gout
-7726.64225420 -7726.64209 -7718.86426 c1957.gout
-7726.60107199 -7726.60107 -7718.87793 c1958.gout
-7726.64775489 -7726.64795 -7719.38232 c1972.gout
-7726.63356722 -7726.63379 -7719.45166 c1973.gout
-7726.65951734 -7726.65967 -7719.48340 c1974.gout
-7726.67763673 -7726.67773 -7719.45605 c1975.gout
-7726.59952001 -7726.59961 -7719.47754 c1976.gout
-7726.56606041 -7726.56592 -7719.38477 c1977.gout
-7726.58632747 -7726.58643 -7719.46094 c1978.gout
-7726.66084745 -7726.66064 -7719.42920 c1979.gout
-7726.61371920 -7726.61377 -7719.47607 c1980.gout
-7726.63350295 -7726.63330 -7719.43945 c1981.gout
-7726.60228437 -7726.60205 -7719.46924 c1982.gout
-7725.88988807 -7725.88965 -7719.36621 c1995.gout
-7725.88131157 -7725.88135 -7719.58887 c1996.gout
-7725.89306598 -7725.89307 -7719.57715 c1997.gout
-7725.96812000 -7725.96826 -7719.58398 c1998.gout
-7725.88407865 -7725.88428 -7719.69580 c1999.gout
-7725.89746275 -7725.89746 -7719.58643 c2000.gout
-7725.80008576 -7725.80029 -7719.58789 c2001.gout
-7725.91324464 -7725.91309 -7719.52295 c2002.gout
-7725.86848889 -7725.86865 -7719.62061 c2003.gout
-7725.89425541 -7725.89404 -7719.60498 c2004.gout
-7725.87660204 -7725.87646 -7719.58398 c2005.gout
-7726.43374312 -7726.43359 -7719.35498 c2016.gout
-7726.43568398 -7726.43555 -7718.62695 c2017.gout
-7726.55900192 -7726.55908 -7718.84961 c2018.gout
-7726.55151880 -7726.55176 -7718.84766 c2019.gout
-7726.59369141 -7726.59375 -7718.84473 c2020.gout
-7726.60643790 -7726.60645 -7718.95654 c2021.gout
-7726.52829191 -7726.52832 -7718.81836 c2022.gout
-7726.52469970 -7726.52490 -7718.86523 c2023.gout
-7726.56605604 -7726.56592 -7718.80566 c2024.gout
-7726.52648821 -7726.52637 -7718.85889 c2025.gout
-7726.58710307 -7726.58691 -7718.94385 c2026.gout
-7726.55435633 -7726.55420 -7718.88672 c2027.gout
-7726.46217487 -7726.46240 -7720.03564 c2037.gout
-7726.54581175 -7726.54590 -7719.38916 c2038.gout
-7726.45509079 -7726.45508 -7719.38721 c2039.gout
-7726.62496167 -7726.62500 -7719.56543 c2040.gout
-7726.61170662 -7726.61182 -7719.51025 c2041.gout
-7726.55789322 -7726.55811 -7719.55371 c2042.gout
-7726.58256445 -7726.58252 -7719.51709 c2043.gout
-7726.51748963 -7726.51758 -7719.50879 c2044.gout
-7726.55754674 -7726.55762 -7719.44385 c2045.gout
-7726.58132855 -7726.58154 -7719.63916 c2046.gout
-7726.60190117 -7726.60205 -7719.52588 c2047.gout
-7726.52438973 -7726.52441 -7719.50488 c2048.gout
-7726.41420047 -7726.41406 -7720.03369 c2057.gout
-7726.57547436 -7726.57568 -7719.47070 c2058.gout
-7726.52381333 -7726.52393 -7719.51318 c2059.gout
-7726.42061804 -7726.42041 -7719.41016 c2060.gout
-7726.58664923 -7726.58643 -7719.53516 c2061.gout
-7726.51646981 -7726.51660 -7719.56348 c2062.gout
-7726.56333311 -7726.56348 -7719.55078 c2063.gout
-7726.48012336 -7726.47998 -7719.51709 c2064.gout
-7726.57544990 -7726.57568 -7719.59424 c2065.gout
-7726.50914643 -7726.50928 -7719.53906 c2066.gout
-7726.50486445 -7726.50488 -7719.48193 c2067.gout
-7726.51043577 -7726.51025 -7719.54150 c2068.gout
-7726.44611877 -7726.44629 -7720.00244 c2076.gout
-7726.54036878 -7726.54053 -7719.37109 c2077.gout
-7726.61543164 -7726.61523 -7719.53418 c2078.gout
-7726.54796541 -7726.54785 -7719.47559 c2079.gout
-7726.50280102 -7726.50293 -7719.37598 c2080.gout
-7726.56317275 -7726.56299 -7719.54736 c2081.gout
-7726.55075748 -7726.55078 -7719.47217 c2082.gout
-7726.54858973 -7726.54883 -7719.60059 c2083.gout
-7726.61434378 -7726.61426 -7719.47949 c2084.gout
-7726.51830618 -7726.51807 -7719.48047 c2085.gout
-7726.57418080 -7726.57422 -7719.48389 c2086.gout
-7726.51998496 -7726.52002 -7719.48828 c2087.gout
-7726.54394565 -7726.54395 -7720.08838 c2094.gout
-7726.59429056 -7726.59424 -7719.40479 c2095.gout
-7726.59856816 -7726.59863 -7719.49951 c2096.gout
-7726.61769226 -7726.61768 -7719.52441 c2097.gout
-7726.64323710 -7726.64307 -7719.50635 c2098.gout
-7726.48903825 -7726.48926 -7719.45312 c2099.gout
-7726.64071313 -7726.64062 -7719.62061 c2100.gout
-7726.59428558 -7726.59424 -7719.55078 c2101.gout
-7726.61436687 -7726.61426 -7719.46582 c2102.gout
-7726.59813971 -7726.59814 -7719.54736 c2103.gout
-7726.60754598 -7726.60742 -7719.49561 c2104.gout
-7726.54405704 -7726.54395 -7719.49463 c2105.gout
-7726.41966764 -7726.41943 -7720.07227 c2111.gout
-7726.49551043 -7726.49561 -7719.42432 c2112.gout
-7726.54023471 -7726.54004 -7719.56299 c2113.gout
-7726.56721890 -7726.56738 -7719.59131 c2114.gout
-7726.57044473 -7726.57031 -7719.55176 c2115.gout
-7726.56358298 -7726.56348 -7719.72070 c2116.gout
-7726.42794786 -7726.42773 -7719.44971 c2117.gout
-7726.51156076 -7726.51172 -7719.58057 c2118.gout
-7726.54773350 -7726.54785 -7719.51709 c2119.gout
-7726.51533757 -7726.51514 -7719.58057 c2120.gout
-7726.59668426 -7726.59668 -7719.60840 c2121.gout
-7726.50969896 -7726.50977 -7719.57178 c2122.gout
-7726.41987468 -7726.41992 -7719.97705 c2127.gout
-7726.57021525 -7726.57031 -7719.38965 c2128.gout
-7726.56175046 -7726.56152 -7719.47314 c2129.gout
-7726.55707681 -7726.55713 -7719.47607 c2130.gout
-7726.65498455 -7726.65479 -7719.59863 c2131.gout
-7726.58147092 -7726.58154 -7719.56934 c2132.gout
-7726.56492420 -7726.56494 -7719.47852 c2133.gout
-7726.40637848 -7726.40625 -7719.38477 c2134.gout
-7726.60675830 -7726.60693 -7719.46436 c2135.gout
-7726.56565669 -7726.56543 -7719.51270 c2136.gout
-7726.57209510 -7726.57227 -7719.47217 c2137.gout
-7726.59401973 -7726.59424 -7719.55615 c2138.gout
-7726.44043460 -7726.44043 -7720.05078 c2142.gout
-7726.52262088 -7726.52246 -7719.40820 c2143.gout
-7726.51067344 -7726.51074 -7719.48633 c2144.gout
-7726.57078435 -7726.57080 -7719.63135 c2145.gout
-7726.61666934 -7726.61670 -7719.55566 c2146.gout
-7726.52524405 -7726.52539 -7719.56250 c2147.gout
-7726.55568641 -7726.55566 -7719.53418 c2148.gout
-7726.49058986 -7726.49072 -7719.52197 c2149.gout
-7726.44449180 -7726.44434 -7719.37695 c2150.gout
-7726.57917993 -7726.57910 -7719.60547 c2151.gout
-7726.54726639 -7726.54736 -7719.51270 c2152.gout
-7726.50683901 -7726.50684 -7719.52832 c2153.gout
-7725.95986602 -7725.95996 -7720.04053 c2156.gout
-7726.07172489 -7726.07178 -7719.37256 c2157.gout
-7726.09388684 -7726.09375 -7719.59277 c2158.gout
-7726.08530444 -7726.08545 -7719.48730 c2159.gout
-7726.07469712 -7726.07471 -7719.46777 c2160.gout
-7726.08980436 -7726.08984 -7719.55518 c2161.gout
-7726.09089244 -7726.09082 -7719.48828 c2162.gout
-7726.08118831 -7726.08105 -7719.55957 c2163.gout
-7726.10058001 -7726.10059 -7719.45898 c2164.gout
-7725.86396985 -7725.86377 -7719.40625 c2165.gout
-7726.09780947 -7726.09766 -7719.49365 c2166.gout
-7726.04963864 -7726.04980 -7719.49414 c2167.gout
-7726.42385517 -7726.42383 -7719.54346 c2169.gout
-7726.56942364 -7726.56934 -7719.03760 c2170.gout
-7726.57719765 -7726.57715 -7719.05957 c2171.gout
-7726.52149445 -7726.52148 -7719.01025 c2172.gout
-7726.60808885 -7726.60791 -7719.05127 c2173.gout
-7726.54040633 -7726.54053 -7719.08350 c2174.gout
-7726.55499673 -7726.55518 -7719.03857 c2175.gout
-7726.50734918 -7726.50732 -7719.04150 c2176.gout
-7726.62661458 -7726.62646 -7719.06152 c2177.gout
-7726.52729860 -7726.52734 -7719.05322 c2178.gout
-7726.43875779 -7726.43896 -7718.91602 c2179.gout
-7726.53345891 -7726.53369 -7719.05957 c2180.gout
-7726.48213591 -7726.48193 -7720.12842 c2181.gout
-7726.57804675 -7726.57812 -7719.42432 c2182.gout
-7726.54737860 -7726.54736 -7719.48242 c2183.gout
-7726.57068913 -7726.57080 -7719.51367 c2184.gout
-7726.60487012 -7726.60498 -7719.49951 c2185.gout
-7726.52479562 -7726.52490 -7719.52637 c2186.gout
-7726.62322195 -7726.62305 -7719.56104 c2187.gout
-7726.51956337 -7726.51953 -7719.51172 c2188.gout
-7726.57767848 -7726.57764 -7719.46338 c2189.gout
-7726.56114847 -7726.56104 -7719.53857 c2190.gout
-7726.55998620 -7726.56006 -7719.48291 c2191.gout
-7726.42140648 -7726.42139 -7719.40186 c2192.gout
-7725.92831176 -7725.92822 -7719.51318 c2193.gout
-7725.93922375 -7725.93945 -7719.07764 c2194.gout
-7725.93622732 -7725.93604 -7719.08643 c2195.gout
-7725.93180243 -7725.93164 -7719.08398 c2196.gout
-7725.88840634 -7725.88818 -7719.08643 c2197.gout
-7725.93838577 -7725.93848 -7719.03467 c2198.gout
-7725.70410116 -7725.70410 -7719.08643 c2199.gout
-7725.93871266 -7725.93848 -7718.83838 c2200.gout
-7725.83777024 -7725.83789 -7719.09082 c2201.gout
-7725.94534071 -7725.94531 -7718.98145 c2202.gout
-7725.93550848 -7725.93555 -7719.09375 c2203.gout
-7726.04096024 -7726.04102 -7718.45166 c2204.gout
-7725.99111060 -7725.99121 -7718.40918 c2205.gout
-7726.08889061 -7726.08887 -7718.45801 c2206.gout
-7725.99338391 -7725.99316 -7718.46045 c2207.gout
-7725.83288493 -7725.83301 -7718.44043 c2208.gout
-7725.98667615 -7725.98682 -7718.37451 c2209.gout
-7726.05780067 -7726.05762 -7718.21240 c2210.gout
-7725.92001417 -7725.91992 -7718.46777 c2213.gout
-7726.00382904 -7726.00391 -7718.50928 c2214.gout
-7726.05152304 -7726.05176 -7718.51172 c2215.gout
-7726.04397137 -7726.04395 -7718.60693 c2216.gout
-7726.04022629 -7726.04004 -7718.46631 c2217.gout
-7726.00533815 -7726.00537 -7718.35547 c2218.gout
-7725.87171559 -7725.87158 -7718.50586 c2219.gout
-7725.96592784 -7725.96582 -7718.54688 c2221.gout
-7726.10224715 -7726.10205 -7718.57178 c2223.gout
-7726.05125019 -7726.05127 -7718.62061 c2224.gout
-7725.96312992 -7725.96289 -7718.56641 c2225.gout
-7726.03390580 -7726.03369 -7718.38037 c2228.gout
-7725.85134799 -7725.85156 -7718.53857 c2229.gout
-7726.00744056 -7726.00732 -7718.48535 c2230.gout
-7726.09800822 -7726.09814 -7718.62305 c2231.gout
-7726.03333943 -7726.03320 -7718.53418 c2234.gout
-7725.88543535 -7725.88525 -7718.57617 c2235.gout
-7726.09121774 -7726.09131 -7718.46680 c2236.gout
-7726.06686171 -7726.06689 -7718.36865 c2237.gout
-7726.02010002 -7726.02002 -7718.64209 c2241.gout
-7726.04980917 -7726.04980 -7718.58984 c2242.gout
-7725.81753503 -7725.81738 -7718.53662 c2243.gout
-7726.02207823 -7726.02197 -7718.57178 c2244.gout
-7726.08301939 -7726.08301 -7718.52881 c2245.gout
-7726.04204704 -7726.04199 -7718.58789 c2246.gout
-7726.02239076 -7726.02246 -7718.54980 c2247.gout
-7725.98881766 -7725.98877 -7718.36572 c2248.gout
-7726.03646715 -7726.03662 -7718.53711 c2249.gout
-7725.96935115 -7725.96924 -7718.59326 c2250.gout
-7726.01567600 -7726.01562 -7718.56104 c2251.gout
-7725.94943948 -7725.94922 -7718.57910 c2252.gout
-7726.02244818 -7726.02246 -7718.55029 c2253.gout
-7726.04570466 -7726.04590 -7718.51514 c2254.gout
-7726.04198026 -7726.04199 -7718.53906 c2255.gout
-7726.04829221 -7726.04834 -7718.57715 c2256.gout
-7726.01268922 -7726.01270 -7718.59814 c2257.gout
-7726.03440346 -7726.03418 -7718.56299 c2258.gout
-7726.43647773 -7726.43652 -7719.19775 c2281.gout
-7726.43747729 -7726.43750 -7718.69092 c2282.gout
-7726.43266576 -7726.43262 -7718.67627 c2283.gout
-7726.44782384 -7726.44775 -7718.67578 c2284.gout
-7726.37704368 -7726.37695 -7718.70068 c2285.gout
-7726.36621135 -7726.36621 -7718.54248 c2286.gout
-7726.41049258 -7726.41064 -7718.65137 c2287.gout
-7726.44515781 -7726.44531 -7718.70898 c2288.gout
-7726.46758098 -7726.46777 -7718.65186 c2289.gout
-7726.47748894 -7726.47754 -7718.71582 c2290.gout
-7726.48072531 -7726.48096 -7718.72363 c2292.gout
-7726.44347577 -7726.44336 -7719.64355 c2302.gout
-7726.35893370 -7726.35889 -7719.04883 c2303.gout
-7726.42719301 -7726.42725 -7719.10938 c2304.gout
-7726.45969211 -7726.45947 -7719.14844 c2305.gout
-7726.41034921 -7726.41016 -7719.11816 c2306.gout
-7726.41814666 -7726.41797 -7719.62354 c2326.gout
-7726.42311922 -7726.42334 -7719.11914 c2327.gout
-7726.34570485 -7726.34570 -7719.03271 c2328.gout
-7726.42175574 -7726.42188 -7719.09668 c2329.gout
-7726.34984710 -7726.34961 -7719.11914 c2330.gout
-7726.41365609 -7726.41357 -7719.03271 c2331.gout
-7726.42075602 -7726.42090 -7719.10889 c2332.gout
-7726.47915772 -7726.47900 -7719.11279 c2334.gout
-7726.42311799 -7726.42334 -7719.10498 c2335.gout
-7726.45332463 -7726.45312 -7719.16992 c2336.gout
-7726.42369617 -7726.42383 -7719.10938 c2337.gout
-7726.41160979 -7726.41162 -7719.61035 c2344.gout
-7726.37407303 -7726.37402 -7719.06738 c2345.gout
-7726.43004735 -7726.43018 -7719.11719 c2346.gout
-7726.45609002 -7726.45605 -7719.12354 c2347.gout
-7726.34183443 -7726.34180 -7719.10645 c2348.gout
-7726.35918026 -7726.35938 -7719.57520 c2356.gout
-7726.40628598 -7726.40625 -7719.11670 c2357.gout
-7726.37716920 -7726.37695 -7719.07959 c2358.gout
-7726.39828696 -7726.39844 -7719.08496 c2359.gout
-7726.41518499 -7726.41504 -7719.05029 c2361.gout
-7726.42000662 -7726.41992 -7719.60645 c2368.gout
-7726.37503950 -7726.37500 -7719.06104 c2369.gout
-7726.34430260 -7726.34424 -7719.02637 c2370.gout
-7726.35643420 -7726.35645 -7719.10352 c2372.gout
-7726.38165511 -7726.38184 -7718.99365 c2373.gout
-7725.84602058 -7725.84619 -7719.61377 c2380.gout
-7725.81101697 -7725.81104 -7719.06738 c2381.gout
-7725.66988868 -7725.66992 -7719.05176 c2383.gout
-7725.73350799 -7725.73340 -7719.03809 c2384.gout
-7725.83753229 -7725.83740 -7719.01611 c2385.gout
-7726.35411282 -7726.35400 -7719.00781 c2392.gout
-7726.37729023 -7726.37744 -7718.51562 c2394.gout
-7726.32218391 -7726.32227 -7718.44922 c2395.gout
-7726.29353194 -7726.29346 -7718.52002 c2396.gout
-7726.33888465 -7726.33887 -7718.41113 c2397.gout
-7726.42054883 -7726.42041 -7719.05713 c2405.gout
-7726.39117345 -7726.39111 -7719.01904 c2406.gout
-7726.42524675 -7726.42529 -7719.04053 c2407.gout
-7726.31778114 -7726.31787 -7719.02441 c2408.gout
-7726.35787257 -7726.35791 -7718.91797 c2409.gout
-7725.82307042 -7725.82324 -7719.09082 c2422.gout
-7725.80282266 -7725.80273 -7719.20605 c2423.gout
-7725.82739433 -7725.82764 -7719.18408 c2424.gout
-7725.75969246 -7725.75977 -7719.20215 c2425.gout
-7725.81130101 -7725.81152 -7719.18604 c2426.gout
-7725.81775728 -7725.81787 -7719.19629 c2427.gout
-7725.74646142 -7725.74658 -7719.18994 c2428.gout
-7725.84776447 -7725.84766 -7719.14062 c2429.gout
-7725.83315408 -7725.83301 -7719.23633 c2430.gout
-7725.81716371 -7725.81738 -7719.26367 c2431.gout
-7725.83763777 -7725.83740 -7719.19092 c2432.gout
-7726.32777820 -7726.32764 -7719.13574 c2443.gout
-7726.21767290 -7726.21777 -7718.51807 c2444.gout
-7726.33759102 -7726.33740 -7718.63330 c2445.gout
-7726.34104306 -7726.34082 -7718.62109 c2446.gout
-7726.25634754 -7726.25635 -7718.62939 c2447.gout
-7726.38880502 -7726.38867 -7718.61328 c2448.gout
-7726.30189906 -7726.30176 -7718.59473 c2449.gout
-7726.31366254 -7726.31348 -7718.63379 c2450.gout
-7726.35249864 -7726.35254 -7718.58984 c2451.gout
-7726.35487997 -7726.35498 -7718.64111 c2452.gout
-7726.36781421 -7726.36768 -7718.76904 c2453.gout
-7726.37041020 -7726.37061 -7718.66016 c2454.gout
-7726.29898972 -7726.29883 -7719.66992 c2464.gout
-7726.27382626 -7726.27393 -7719.13379 c2465.gout
-7726.16825851 -7726.16846 -7719.02441 c2466.gout
-7726.35300198 -7726.35303 -7719.19238 c2467.gout
-7726.21709334 -7726.21729 -7719.14844 c2468.gout
-7726.27843517 -7726.27832 -7719.06396 c2469.gout
-7726.29492753 -7726.29492 -7719.14697 c2470.gout
-7726.25280496 -7726.25293 -7719.13086 c2471.gout
-7726.28525468 -7726.28516 -7719.08154 c2472.gout
-7726.34860498 -7726.34863 -7719.27490 c2473.gout
-7726.32275292 -7726.32275 -7719.20459 c2474.gout
-7726.28365948 -7726.28369 -7719.13184 c2475.gout
-7726.31873035 -7726.31885 -7719.60840 c2484.gout
-7726.37397043 -7726.37402 -7719.15576 c2485.gout
-7726.31587806 -7726.31592 -7719.09082 c2486.gout
-7726.21469238 -7726.21484 -7718.97754 c2487.gout
-7726.25928542 -7726.25928 -7719.11377 c2488.gout
-7726.30661096 -7726.30664 -7719.01416 c2489.gout
-7726.34664003 -7726.34668 -7719.12109 c2490.gout
-7726.27506432 -7726.27490 -7719.07959 c2491.gout
-7726.37411474 -7726.37402 -7719.17236 c2492.gout
-7726.34959001 -7726.34961 -7719.11523 c2493.gout
-7726.29599861 -7726.29590 -7719.10107 c2494.gout
-7726.33948914 -7726.33936 -7719.10889 c2495.gout
-7726.10146335 -7726.10156 -7719.64600 c2503.gout
-7726.09154594 -7726.09131 -7719.12500 c2504.gout
-7726.15515021 -7726.15527 -7719.18066 c2505.gout
-7726.09983873 -7726.09961 -7719.11182 c2506.gout
-7725.91908661 -7725.91895 -7719.02344 c2507.gout
-7726.10755662 -7726.10742 -7719.06689 c2508.gout
-7726.08706722 -7726.08691 -7719.11133 c2509.gout
-7726.10232929 -7726.10254 -7719.23193 c2510.gout
-7726.16408970 -7726.16406 -7719.12646 c2511.gout
-7726.10939393 -7726.10938 -7719.12549 c2512.gout
-7726.11743423 -7726.11768 -7719.17188 c2513.gout
-7726.10373616 -7726.10352 -7719.12451 c2514.gout
-7726.35732971 -7726.35742 -7719.48389 c2521.gout
-7726.29305298 -7726.29297 -7718.91064 c2522.gout
-7726.28472023 -7726.28467 -7718.89795 c2523.gout
-7726.31571237 -7726.31592 -7718.91260 c2524.gout
-7726.21815869 -7726.21826 -7718.90576 c2525.gout
-7726.18604050 -7726.18604 -7718.72461 c2526.gout
-7726.32426658 -7726.32422 -7719.01172 c2527.gout
-7726.30221794 -7726.30225 -7718.93408 c2528.gout
-7726.31068809 -7726.31055 -7718.86475 c2529.gout
-7726.34258571 -7726.34277 -7718.94434 c2530.gout
-7726.29412182 -7726.29395 -7718.93555 c2531.gout
-7726.27466374 -7726.27490 -7718.88281 c2532.gout
-7726.36216969 -7726.36230 -7719.61572 c2538.gout
-7726.33190375 -7726.33203 -7719.07812 c2539.gout
-7726.36899813 -7726.36914 -7719.10938 c2540.gout
-7726.40082457 -7726.40088 -7719.12744 c2541.gout
-7726.28076489 -7726.28076 -7719.09912 c2542.gout
-7726.39518505 -7726.39502 -7719.14014 c2543.gout
-7726.25398295 -7726.25391 -7718.98877 c2544.gout
-7726.34671095 -7726.34668 -7719.11182 c2545.gout
-7726.38285670 -7726.38281 -7719.06396 c2546.gout
-7726.39517644 -7726.39502 -7719.12549 c2547.gout
-7726.42748963 -7726.42725 -7719.19629 c2548.gout
-7726.37394674 -7726.37402 -7719.10791 c2549.gout
-7726.34212214 -7726.34229 -7719.66260 c2554.gout
-7726.36645810 -7726.36670 -7719.18555 c2555.gout
-7726.34878197 -7726.34863 -7719.16162 c2556.gout
-7726.35674618 -7726.35693 -7719.15430 c2557.gout
-7726.30742190 -7726.30762 -7719.28809 c2558.gout
-7726.38312485 -7726.38330 -7719.13086 c2559.gout
-7726.34827589 -7726.34814 -7719.15967 c2560.gout
-7726.23218294 -7726.23242 -7719.05811 c2561.gout
-7726.39869266 -7726.39893 -7719.15332 c2562.gout
-7726.39704525 -7726.39697 -7719.19971 c2563.gout
-7726.35961790 -7726.35938 -7719.20215 c2564.gout
-7726.42727674 -7726.42725 -7719.23438 c2565.gout
-7726.33204787 -7726.33203 -7719.69727 c2569.gout
-7726.30548778 -7726.30566 -7719.16504 c2570.gout
-7726.28335875 -7726.28320 -7719.13574 c2571.gout
-7726.35386530 -7726.35400 -7719.27051 c2572.gout
-7726.27632989 -7726.27637 -7719.20605 c2573.gout
-7726.30209246 -7726.30225 -7719.08496 c2574.gout
-7726.32308385 -7726.32324 -7719.17627 c2575.gout
-7726.27895822 -7726.27881 -7719.15625 c2576.gout
-7726.21678247 -7726.21680 -7719.02686 c2577.gout
-7726.40964817 -7726.40967 -7719.25342 c2578.gout
-7726.31835012 -7726.31836 -7719.20361 c2579.gout
-7726.31837160 -7726.31836 -7719.16748 c2580.gout
-7725.82482923 -7725.82471 -7719.67139 c2583.gout
-7725.82767483 -7725.82764 -7719.11377 c2584.gout
-7725.83740461 -7725.83740 -7719.22656 c2585.gout
-7725.84155925 -7725.84180 -7719.11084 c2586.gout
-7725.68083432 -7725.68066 -7719.10254 c2587.gout
-7725.83365971 -7725.83350 -7719.06201 c2588.gout
-7725.83155708 -7725.83154 -7719.11475 c2589.gout
-7725.83674913 -7725.83691 -7719.17822 c2590.gout
-7725.84868347 -7725.84863 -7719.09326 c2591.gout
-7725.63926395 -7725.63916 -7719.03857 c2592.gout
-7725.84318032 -7725.84326 -7719.16895 c2593.gout
-7725.83660280 -7725.83643 -7719.11768 c2594.gout
-7726.33056858 -7726.33057 -7719.14502 c2596.gout
-7726.36709387 -7726.36719 -7718.74951 c2597.gout
-7726.36925136 -7726.36914 -7718.66406 c2598.gout
-7726.31640708 -7726.31641 -7718.60449 c2599.gout
-7726.27736604 -7726.27734 -7718.65674 c2600.gout
-7726.33126294 -7726.33105 -7718.56104 c2601.gout
-7726.33744510 -7726.33740 -7718.63574 c2602.gout
-7726.30417269 -7726.30420 -7718.63086 c2603.gout
-7726.42312129 -7726.42334 -7718.66650 c2604.gout
-7726.36749390 -7726.36768 -7718.65625 c2605.gout
-7726.23639498 -7726.23633 -7718.56201 c2606.gout
-7726.35988266 -7726.35986 -7718.65381 c2607.gout
-7726.37424719 -7726.37402 -7719.77344 c2608.gout
-7726.36614934 -7726.36621 -7719.17969 c2609.gout
-7726.32456160 -7726.32471 -7719.13037 c2610.gout
-7726.36064988 -7726.36084 -7719.15137 c2611.gout
-7726.26468799 -7726.26465 -7719.14844 c2612.gout
-7726.31024259 -7726.31006 -7719.04736 c2613.gout
-7726.39698347 -7726.39697 -7719.20166 c2614.gout
-7726.31452349 -7726.31445 -7719.14453 c2615.gout
-7726.36472011 -7726.36475 -7719.11182 c2616.gout
-7726.38669256 -7726.38672 -7719.18506 c2617.gout
-7726.33715971 -7726.33740 -7719.17236 c2618.gout
-7726.24098702 -7726.24121 -7719.03955 c2619.gout
-7725.83051808 -7725.83057 -7719.25977 c2620.gout
-7725.82914932 -7725.82910 -7718.71680 c2621.gout
-7725.83785421 -7725.83789 -7718.71533 c2622.gout
-7725.71796990 -7725.71777 -7718.72412 c2623.gout
-7725.78148048 -7725.78125 -7718.59863 c2624.gout
-7725.82395077 -7725.82373 -7718.66650 c2625.gout
-7725.59288502 -7725.59277 -7718.71045 c2626.gout
-7725.83889932 -7725.83887 -7718.47803 c2627.gout
-7725.77965478 -7725.77979 -7718.72852 c2628.gout
-7725.83641201 -7725.83643 -7718.66211 c2629.gout
-7725.86990927 -7725.87012 -7718.72266 c2630.gout
-7725.82386584 -7725.82373 -7718.20117 c2631.gout
-7725.78518681 -7725.78516 -7718.14844 c2632.gout
-7725.75276722 -7725.75293 -7718.20850 c2633.gout
-7725.77357200 -7725.77344 -7718.08301 c2634.gout
-7725.61237184 -7725.61230 -7718.18262 c2635.gout
-7725.78171930 -7725.78174 -7718.10889 c2636.gout
-7725.84797977 -7725.84814 -7717.96240 c2637.gout
-7725.74301468 -7725.74316 -7718.20703 c2640.gout
-7725.78537953 -7725.78516 -7718.14111 c2641.gout
-7725.70583764 -7725.70605 -7718.15479 c2642.gout
-7725.82131561 -7725.82129 -7718.12207 c2643.gout
-7725.80713348 -7725.80713 -7718.10107 c2644.gout
-7725.78994305 -7725.79004 -7717.98242 c2645.gout
-7725.64370106 -7725.64355 -7718.14844 c2646.gout
-7725.73469218 -7725.73486 -7718.23047 c2648.gout
-7725.76863763 -7725.76855 -7718.20459 c2650.gout
-7725.83917765 -7725.83936 -7718.12549 c2651.gout
-7725.74449659 -7725.74463 -7718.19092 c2652.gout
-7725.86501877 -7725.86523 -7718.01074 c2655.gout
-7725.63117623 -7725.63135 -7718.21191 c2656.gout
-7725.82917194 -7725.82910 -7718.10693 c2657.gout
-7725.75686843 -7725.75684 -7718.13916 c2658.gout
-7725.68331201 -7725.68311 -7718.17773 c2661.gout
-7725.58228999 -7725.58252 -7718.21777 c2662.gout
-7725.74341100 -7725.74365 -7718.15137 c2663.gout
-7725.76225863 -7725.76221 -7718.00146 c2664.gout
-7725.84418335 -7725.84424 -7718.15576 c2668.gout
-7725.82742973 -7725.82764 -7718.14648 c2669.gout
-7725.62050708 -7725.62061 -7718.04150 c2670.gout
-7725.80188837 -7725.80176 -7718.19141 c2671.gout
-7725.85716370 -7725.85693 -7718.16406 c2672.gout
-7725.85707407 -7725.85693 -7718.22119 c2673.gout
-7725.78320925 -7725.78320 -7718.22607 c2674.gout
-7725.78670974 -7725.78662 -7717.99023 c2675.gout
-7725.82994477 -7725.83008 -7718.16455 c2676.gout
-7725.79083291 -7725.79102 -7718.21875 c2677.gout
-7725.80371268 -7725.80371 -7718.22949 c2678.gout
-7725.76099889 -7725.76123 -7718.19580 c2679.gout
-7725.83868092 -7725.83887 -7718.19141 c2680.gout
-7725.81234768 -7725.81250 -7718.19922 c2681.gout
-7725.86325610 -7725.86328 -7718.17139 c2682.gout
-7725.86658708 -7725.86670 -7718.25928 c2683.gout
-7725.87568506 -7725.87549 -7718.22852 c2684.gout
-7725.84672566 -7725.84668 -7718.23633 c2685.gout
-7726.13186080 -7726.13184 -7719.22656 c2696.gout
-7726.14892236 -7726.14893 -7718.54785 c2697.gout
-7726.25529704 -7726.25537 -7718.79297 c2698.gout
-7726.24810749 -7726.24805 -7718.76172 c2699.gout
-7726.30491369 -7726.30469 -7718.76074 c2700.gout
-7726.30755227 -7726.30762 -7718.88672 c2701.gout
-7726.21684679 -7726.21680 -7718.74268 c2702.gout
-7726.23358572 -7726.23340 -7718.77441 c2703.gout
-7726.25618473 -7726.25635 -7718.73584 c2704.gout
-7726.26866712 -7726.26855 -7718.76855 c2705.gout
-7726.27332798 -7726.27344 -7718.90820 c2706.gout
-7726.31087218 -7726.31104 -7718.78809 c2707.gout
-7726.17205961 -7726.17188 -7719.65186 c2711.gout
-7726.35904456 -7726.35889 -7719.13818 c2712.gout
-7726.28287743 -7726.28271 -7719.20312 c2713.gout
-7726.31146838 -7726.31152 -7719.22168 c2714.gout
-7726.24960587 -7726.24951 -7719.17285 c2715.gout
-7726.33089189 -7726.33105 -7719.27100 c2716.gout
-7726.14065275 -7726.14062 -7719.69385 c2723.gout
-7726.25455833 -7726.25439 -7719.11182 c2724.gout
-7726.29419349 -7726.29443 -7719.29736 c2725.gout
-7726.23393343 -7726.23389 -7719.20947 c2726.gout
-7726.19965804 -7726.19971 -7719.11182 c2727.gout
-7726.26145197 -7726.26123 -7719.29736 c2728.gout
-7726.23053744 -7726.23047 -7719.21631 c2729.gout
-7726.24973937 -7726.24951 -7719.32959 c2730.gout
-7726.28760966 -7726.28760 -7719.22949 c2731.gout
-7726.26249487 -7726.26270 -7719.20996 c2732.gout
-7726.24665688 -7726.24658 -7719.26807 c2733.gout
-7726.27442139 -7726.27441 -7719.20947 c2734.gout
-7726.13661124 -7726.13672 -7719.64648 c2735.gout
-7726.23761793 -7726.23779 -7719.04785 c2736.gout
-7726.25667724 -7726.25684 -7719.20898 c2737.gout
-7726.27955715 -7726.27979 -7719.20801 c2738.gout
-7726.30251484 -7726.30273 -7719.17041 c2739.gout
-7726.28200847 -7726.28223 -7719.35352 c2740.gout
-7726.11347360 -7726.11328 -7719.63232 c2741.gout
-7726.24835865 -7726.24854 -7719.09424 c2742.gout
-7726.21309919 -7726.21289 -7719.20020 c2743.gout
-7726.21221521 -7726.21240 -7719.17383 c2744.gout
-7726.31643919 -7726.31641 -7719.29834 c2745.gout
-7726.26451587 -7726.26465 -7719.28320 c2746.gout
-7726.10932319 -7726.10938 -7719.64648 c2747.gout
-7726.22000030 -7726.22021 -7719.05322 c2748.gout
-7726.17678422 -7726.17676 -7719.15381 c2749.gout
-7726.24131782 -7726.24121 -7719.26953 c2750.gout
-7726.30548516 -7726.30566 -7719.19580 c2751.gout
-7726.20334869 -7726.20312 -7719.21680 c2752.gout
-7725.59800393 -7725.59814 -7719.65088 c2753.gout
-7725.61410759 -7725.61426 -7719.03223 c2754.gout
-7725.74069849 -7725.74072 -7719.27490 c2755.gout
-7725.71404103 -7725.71387 -7719.14014 c2756.gout
-7725.73142857 -7725.73145 -7719.12256 c2757.gout
-7725.61082414 -7725.61084 -7719.22412 c2758.gout
-7726.13630641 -7726.13623 -7719.10889 c2759.gout
-7726.29716563 -7726.29736 -7718.65234 c2760.gout
-7726.28127690 -7726.28125 -7718.69678 c2761.gout
-7726.22319940 -7726.22314 -7718.61816 c2762.gout
-7726.32718334 -7726.32715 -7718.66113 c2763.gout
-7726.25152636 -7726.25146 -7718.70752 c2764.gout
-7726.12641730 -7726.12646 -7719.77002 c2765.gout
-7726.25474497 -7726.25488 -7719.11523 c2766.gout
-7726.18883671 -7726.18896 -7719.19580 c2767.gout
-7726.21562727 -7726.21582 -7719.19775 c2768.gout
-7726.26188348 -7726.26172 -7719.18555 c2769.gout
-7726.18278678 -7726.18262 -7719.22656 c2770.gout
-7725.65844480 -7725.65820 -7719.14648 c2771.gout
-7725.63276615 -7725.63281 -7718.73340 c2772.gout
-7725.63568687 -7725.63574 -7718.71289 c2773.gout
-7725.66320525 -7725.66309 -7718.71240 c2774.gout
-7725.60474001 -7725.60498 -7718.72900 c2775.gout
-7725.63082833 -7725.63086 -7718.67139 c2776.gout
-7725.41582378 -7725.41602 -7718.70801 c2777.gout
-7725.64175794 -7725.64160 -7718.48096 c2778.gout
-7725.56390023 -7725.56396 -7718.71289 c2779.gout
-7725.63017997 -7725.63037 -7718.65820 c2780.gout
-7725.70179549 -7725.70166 -7718.70752 c2781.gout
-7725.75864439 -7725.75879 -7718.15674 c2782.gout
-7725.71624781 -7725.71631 -7718.08496 c2783.gout
-7725.81989084 -7725.81982 -7718.13574 c2784.gout
-7725.72521722 -7725.72510 -7718.15234 c2785.gout
-7725.54999766 -7725.54980 -7718.12646 c2786.gout
-7725.71934664 -7725.71924 -7718.04541 c2787.gout
-7725.76931165 -7725.76953 -7717.90430 c2788.gout
-7725.70310813 -7725.70312 -7718.13086 c2791.gout
-7725.69387435 -7725.69385 -7718.20752 c2792.gout
-7725.75436590 -7725.75439 -7718.21191 c2793.gout
-7725.74169233 -7725.74170 -7718.32129 c2794.gout
-7725.72116413 -7725.72119 -7718.17480 c2795.gout
-7725.70867958 -7725.70850 -7718.04883 c2796.gout
-7725.54174620 -7725.54150 -7718.22021 c2797.gout
-7725.64000967 -7725.64014 -7718.29541 c2799.gout
-7725.80836431 -7725.80859 -7718.24268 c2801.gout
-7725.75146246 -7725.75146 -7718.30566 c2802.gout
-7725.65127672 -7725.65137 -7718.24561 c2803.gout
-7725.77228428 -7725.77246 -7718.04492 c2806.gout
-7725.52986362 -7725.52979 -7718.25781 c2807.gout
-7725.76206502 -7725.76221 -7718.14160 c2808.gout
-7725.81456820 -7725.81445 -7718.31006 c2809.gout
-7725.72439433 -7725.72461 -7718.22119 c2812.gout
-7725.63285550 -7725.63281 -7718.24268 c2813.gout
-7725.78275135 -7725.78271 -7718.18799 c2814.gout
-7725.83674608 -7725.83691 -7718.02686 c2815.gout
-7725.76327805 -7725.76318 -7718.32275 c2819.gout
-7725.73568873 -7725.73584 -7718.32520 c2820.gout
-7725.58007450 -7725.58008 -7718.20898 c2821.gout
-7725.71807041 -7725.71826 -7718.24609 c2822.gout
-7725.75950028 -7725.75928 -7718.22412 c2823.gout
-7725.77359354 -7725.77344 -7718.26270 c2824.gout
-7725.68606957 -7725.68604 -7718.27930 c2825.gout
-7725.72848032 -7725.72852 -7718.03223 c2826.gout
-7725.73732834 -7725.73730 -7718.21729 c2827.gout
-7725.70384783 -7725.70361 -7718.25293 c2828.gout
-7725.70945030 -7725.70947 -7718.27539 c2829.gout
-7725.71178763 -7725.71191 -7718.23047 c2830.gout
-7725.74699740 -7725.74707 -7718.23096 c2831.gout
-7725.70262766 -7725.70264 -7718.25049 c2832.gout
-7725.79172628 -7725.79150 -7718.21143 c2833.gout
-7725.77129716 -7725.77148 -7718.29199 c2834.gout
-7725.81538923 -7725.81543 -7718.25000 c2835.gout
-7725.77317198 -7725.77295 -7718.26953 c2836.gout
-7725.26262274 -7725.26270 -7717.85986 c2837.gout
-7725.20605272 -7725.20605 -7717.80859 c2838.gout
-7725.20412740 -7725.20410 -7717.85010 c2839.gout
-7725.17048628 -7725.17041 -7717.75732 c2840.gout
-7725.03909648 -7725.03906 -7717.78906 c2841.gout
-7725.02525370 -7725.02539 -7717.75830 c2842.gout
-7725.23395960 -7725.23389 -7717.43408 c2843.gout
-7725.19356327 -7725.19336 -7717.85498 c2846.gout
-7725.15262773 -7725.15283 -7717.27051 c2847.gout
-7725.09635725 -7725.09619 -7717.10400 c2852.gout
-7724.91407713 -7724.91406 -7717.28027 c2853.gout
-7725.18702561 -7725.18701 -7717.13184 c2854.gout
-7725.22399280 -7725.22412 -7717.10400 c2855.gout
