-7726.87371625 -7726.87354 -7714.64600 c0047.gout
-7726.86456936 -7726.86475 -7713.92480 c0048.gout
-7726.98019502 -7726.97998 -7714.12500 c0049.gout
-7726.97842899 -7726.97852 -7714.13770 c0050.gout
-7726.96697421 -7726.96680 -7714.14648 c0051.gout
-7726.94911850 -7726.94922 -7714.10156 c0052.gout
-7726.92203611 -7726.92188 -7714.07227 c0053.gout
-7726.91191840 -7726.91211 -7714.14111 c0054.gout
-7726.98409787 -7726.98389 -7714.08496 c0055.gout
-7726.97970066 -7726.97949 -7714.13232 c0056.gout
-7726.98262167 -7726.98242 -7714.14062 c0058.gout
-7727.80883073 -7727.80859 -7715.78760 c0059.gout
-7727.84891180 -7727.84912 -7715.01465 c0060.gout
-7727.09393205 -7727.09375 -7715.08594 c0061.gout
-7727.40423661 -7727.40430 -7714.99268 c0062.gout
-7727.69881102 -7727.69873 -7715.37354 c0063.gout
-7727.13160086 -7727.13184 -7714.98877 c0064.gout
-7727.78525550 -7727.78516 -7715.02539 c0065.gout
-7727.09895755 -7727.09912 -7715.82861 c0066.gout
-7727.75438950 -7727.75439 -7714.89355 c0067.gout
-7727.65060016 -7727.65039 -7715.73926 c0068.gout
-7727.58985869 -7727.58984 -7715.57373 c0069.gout
-7726.91889761 -7726.91895 -7714.85107 c0070.gout
-7727.59372215 -7727.59375 -7714.89746 c0071.gout
-7726.90092587 -7726.90088 -7715.50537 c0072.gout
-7727.63618255 -7727.63623 -7714.90332 c0073.gout
-7727.54120618 -7727.54102 -7715.55762 c0074.gout
-7727.53082919 -7727.53076 -7715.50684 c0075.gout
-7727.04920705 -7727.04932 -7714.99023 c0076.gout
-7727.55202549 -7727.55225 -7715.01953 c0077.gout
-7726.93804627 -7726.93799 -7715.46143 c0078.gout
-7727.51407145 -7727.51416 -7714.87646 c0079.gout
-7727.77754475 -7727.77734 -7715.11377 c0086.gout
-7727.11064202 -7727.11084 -7715.04492 c0087.gout
-7727.86615004 -7727.86621 -7715.82031 c0088.gout
-7727.87242271 -7727.87256 -7715.90674 c0089.gout
-7727.82654151 -7727.82666 -7715.76514 c0090.gout
-7727.03036302 -7727.03027 -7715.82031 c0091.gout
-7726.96163840 -7726.96143 -7714.38916 c0092.gout
-7727.68036916 -7727.68018 -7715.38281 c0093.gout
-7727.77736605 -7727.77734 -7715.67383 c0094.gout
-7727.75512607 -7727.75488 -7715.74805 c0095.gout
-7727.45199783 -7727.45215 -7715.38281 c0096.gout
-7727.11279780 -7727.11279 -7715.67383 c0097.gout
-7727.88408423 -7727.88428 -7715.15137 c0098.gout
-7726.98733978 -7726.98730 -7715.76025 c0099.gout
-7727.76355973 -7727.76367 -7714.92676 c0100.gout
-7727.14560226 -7727.14551 -7714.98340 c0101.gout
-7727.85339113 -7727.85352 -7715.73340 c0102.gout
-7727.78439237 -7727.78418 -7715.85889 c0103.gout
-7726.91462633 -7726.91455 -7715.05762 c0104.gout
-7727.61601917 -7727.61621 -7715.62793 c0105.gout
-7727.60394737 -7727.60400 -7715.56934 c0106.gout
-7727.62858566 -7727.62842 -7715.54834 c0107.gout
-7727.62677582 -7727.62695 -7715.62793 c0108.gout
-7726.93581179 -7726.93604 -7715.56934 c0109.gout
-7727.56290967 -7727.56299 -7714.89111 c0110.gout
-7726.91310399 -7726.91309 -7715.56787 c0111.gout
-7727.64363186 -7727.64355 -7714.93799 c0112.gout
-7727.02455443 -7727.02441 -7714.93213 c0113.gout
-7727.60375936 -7727.60352 -7715.61475 c0114.gout
-7727.59533984 -7727.59521 -7715.53564 c0115.gout
-7727.02427824 -7727.02441 -7715.12305 c0116.gout
-7727.51503804 -7727.51514 -7715.51807 c0117.gout
-7727.49894071 -7727.49902 -7715.50439 c0118.gout
-7727.47955689 -7727.47949 -7715.42139 c0119.gout
-7727.55608775 -7727.55615 -7715.51807 c0120.gout
-7727.05215901 -7727.05225 -7715.50439 c0121.gout
-7727.51635537 -7727.51611 -7715.01074 c0122.gout
-7726.93092932 -7726.93115 -7715.49707 c0123.gout
-7727.55521122 -7727.55518 -7714.94043 c0124.gout
-7726.93717884 -7726.93701 -7714.92480 c0125.gout
-7727.51104879 -7727.51123 -7715.52686 c0126.gout
-7727.51875791 -7727.51855 -7715.49170 c0127.gout
-7727.42226952 -7727.42236 -7715.09912 c0140.gout
-7727.08570930 -7727.08594 -7714.62256 c0141.gout
-7727.72683281 -7727.72705 -7715.69922 c0142.gout
-7727.64826077 -7727.64844 -7715.71484 c0143.gout
-7727.76520453 -7727.76514 -7715.78760 c0144.gout
-7726.95430307 -7726.95410 -7715.70996 c0145.gout
-7727.52037516 -7727.52051 -7715.70459 c0146.gout
-7726.96053253 -7726.96045 -7714.92871 c0147.gout
-7727.53758044 -7727.53760 -7715.57080 c0148.gout
-7727.59725837 -7727.59717 -7715.58691 c0149.gout
-7727.53888673 -7727.53906 -7715.60547 c0150.gout
-7726.87884991 -7726.87891 -7715.61377 c0151.gout
-7727.49007718 -7727.49023 -7715.60645 c0152.gout
-7726.87683602 -7726.87695 -7714.94629 c0153.gout
-7727.42610580 -7727.42627 -7715.50000 c0154.gout
-7727.47421416 -7727.47412 -7715.48438 c0155.gout
-7727.45340340 -7727.45361 -7715.47803 c0156.gout
-7726.98067132 -7726.98047 -7715.50244 c0157.gout
-7727.00372190 -7727.00391 -7714.19385 c0164.gout
-7727.73523296 -7727.73535 -7715.36035 c0165.gout
-7727.82863742 -7727.82861 -7715.66016 c0166.gout
-7727.81501099 -7727.81494 -7715.74170 c0167.gout
-7727.74523923 -7727.74512 -7715.62012 c0168.gout
-7727.11659940 -7727.11670 -7715.64404 c0169.gout
-7727.02939235 -7727.02930 -7715.00146 c0170.gout
-7727.60050444 -7727.60059 -7715.53662 c0171.gout
-7727.56769440 -7727.56787 -7715.45947 c0172.gout
-7727.63024049 -7727.63037 -7715.48145 c0173.gout
-7727.63880434 -7727.63867 -7715.56885 c0174.gout
-7726.91061907 -7726.91064 -7715.54932 c0175.gout
-7726.95111623 -7726.95117 -7714.94727 c0176.gout
-7727.53249935 -7727.53271 -7715.46387 c0177.gout
-7727.50362089 -7727.50342 -7715.43506 c0178.gout
-7727.50214337 -7727.50195 -7715.37646 c0179.gout
-7727.52721283 -7727.52734 -7715.41455 c0180.gout
-7727.05745920 -7727.05762 -7715.46729 c0181.gout
-7727.44008736 -7727.43994 -7715.07178 c0188.gout
-7727.73660936 -7727.73682 -7715.46143 c0189.gout
-7727.16504146 -7727.16504 -7714.89502 c0190.gout
-7727.69760407 -7727.69775 -7715.71436 c0191.gout
-7727.72003238 -7727.72021 -7715.69434 c0192.gout
-7727.05588949 -7727.05566 -7715.81104 c0193.gout
-7727.61299202 -7727.61279 -7715.74951 c0194.gout
-7727.53133987 -7727.53125 -7715.56543 c0195.gout
-7727.00964450 -7727.00977 -7714.89648 c0196.gout
-7727.64810719 -7727.64795 -7715.58496 c0197.gout
-7727.62646854 -7727.62646 -7715.64453 c0198.gout
-7726.91713751 -7726.91699 -7715.58398 c0199.gout
-7727.53422269 -7727.53418 -7715.60498 c0200.gout
-7727.51350254 -7727.51367 -7715.53906 c0201.gout
-7726.91810220 -7726.91797 -7714.91602 c0202.gout
-7727.48908719 -7727.48926 -7715.45312 c0203.gout
-7727.54233567 -7727.54248 -7715.51953 c0204.gout
-7727.03544631 -7727.03564 -7715.49951 c0205.gout
-7727.29594146 -7727.29590 -7714.99463 c0212.gout
-7727.67350882 -7727.67334 -7715.45020 c0213.gout
-7727.64594152 -7727.64600 -7715.62158 c0214.gout
-7727.71504041 -7727.71484 -7715.78320 c0215.gout
-7727.10019165 -7727.10010 -7714.92383 c0216.gout
-7727.00339000 -7727.00342 -7715.75146 c0217.gout
-7727.53954939 -7727.53955 -7715.73486 c0218.gout
-7727.47473763 -7727.47461 -7715.55664 c0219.gout
-7727.51659800 -7727.51660 -7715.55420 c0220.gout
-7727.52955886 -7727.52979 -7715.52051 c0221.gout
-7726.94950110 -7726.94971 -7714.94141 c0222.gout
-7726.79663523 -7726.79688 -7715.59424 c0223.gout
-7727.47645426 -7727.47656 -7715.60010 c0224.gout
-7727.41100241 -7727.41113 -7715.49121 c0225.gout
-7727.38705114 -7727.38721 -7715.46387 c0226.gout
-7727.43973189 -7727.43994 -7715.45459 c0227.gout
-7726.86024607 -7726.86035 -7714.89697 c0228.gout
-7726.81146530 -7726.81152 -7715.50244 c0229.gout
-7727.36775798 -7727.36768 -7715.01953 c0236.gout
-7727.53805951 -7727.53809 -7715.28076 c0237.gout
-7727.61473905 -7727.61475 -7715.55371 c0238.gout
-7727.05552348 -7727.05566 -7714.87598 c0239.gout
-7727.66991640 -7727.66992 -7715.65967 c0240.gout
-7727.00959482 -7727.00977 -7715.71045 c0241.gout
-7727.47463054 -7727.47461 -7715.62744 c0242.gout
-7727.46907386 -7727.46924 -7715.51807 c0243.gout
-7727.48700778 -7727.48682 -7715.48779 c0244.gout
-7726.93105144 -7726.93115 -7714.81543 c0245.gout
-7727.51156251 -7727.51172 -7715.54736 c0246.gout
-7726.78957568 -7726.78955 -7715.48096 c0247.gout
-7727.41184071 -7727.41162 -7715.49023 c0248.gout
-7727.37795845 -7727.37793 -7715.42578 c0249.gout
-7727.38691610 -7727.38672 -7715.42676 c0250.gout
-7726.82308915 -7726.82324 -7714.79346 c0251.gout
-7727.42100662 -7727.42090 -7715.41260 c0252.gout
-7726.93424311 -7726.93408 -7715.43555 c0253.gout
-7726.74481963 -7726.74463 -7714.88477 c0260.gout
-7726.88929452 -7726.88916 -7715.24756 c0261.gout
-7727.00487693 -7727.00488 -7715.61328 c0262.gout
-7726.97137192 -7726.97119 -7715.64648 c0263.gout
-7727.01891904 -7727.01904 -7715.65332 c0264.gout
-7726.30597547 -7726.30615 -7714.83789 c0265.gout
-7726.75157634 -7726.75146 -7715.62354 c0266.gout
-7726.77092719 -7726.77100 -7715.48633 c0267.gout
-7726.75241000 -7726.75244 -7715.41504 c0268.gout
-7726.79271071 -7726.79248 -7715.45605 c0269.gout
-7726.73308573 -7726.73291 -7715.46875 c0270.gout
-7726.05455089 -7726.05469 -7714.81055 c0271.gout
-7726.65419862 -7726.65430 -7715.45947 c0272.gout
-7726.70564289 -7726.70557 -7715.42334 c0273.gout
-7726.66947365 -7726.66943 -7715.35156 c0274.gout
-7726.70033627 -7726.70020 -7715.34375 c0275.gout
-7726.69410237 -7726.69434 -7715.38037 c0276.gout
-7726.10044064 -7726.10059 -7714.80908 c0277.gout
-7726.52511887 -7726.52490 -7713.02393 c0320.gout
-7726.55060464 -7726.55078 -7713.22412 c0321.gout
-7726.55130336 -7726.55127 -7713.24561 c0322.gout
-7726.57244759 -7726.57227 -7713.24609 c0323.gout
-7726.54182292 -7726.54199 -7713.27246 c0324.gout
-7726.55946521 -7726.55957 -7713.23242 c0325.gout
-7726.45150178 -7726.45166 -7713.25342 c0326.gout
-7726.56188937 -7726.56201 -7713.14502 c0327.gout
-7726.53822500 -7726.53809 -7713.26025 c0328.gout
-7726.54973248 -7726.54980 -7713.23340 c0329.gout
-7726.51235135 -7726.51221 -7713.24658 c0330.gout
-7726.71824276 -7726.71826 -7714.10107 c0365.gout
-7726.69822754 -7726.69824 -7713.38379 c0366.gout
-7726.81024358 -7726.81006 -7713.58398 c0367.gout
-7726.81851818 -7726.81836 -7713.60498 c0368.gout
-7726.79708082 -7726.79688 -7713.60596 c0369.gout
-7726.86700363 -7726.86719 -7713.63232 c0370.gout
-7726.78920990 -7726.78906 -7713.55762 c0371.gout
-7726.79247431 -7726.79248 -7713.62939 c0372.gout
-7726.81814148 -7726.81836 -7713.54785 c0373.gout
-7726.83132278 -7726.83154 -7713.60596 c0374.gout
-7726.80318672 -7726.80322 -7713.58545 c0376.gout
-7726.76943119 -7726.76953 -7714.36230 c0410.gout
-7726.87898896 -7726.87891 -7713.76270 c0411.gout
-7726.78110674 -7726.78125 -7713.75391 c0412.gout
-7726.94020777 -7726.94043 -7713.92676 c0413.gout
-7726.86466324 -7726.86475 -7713.87305 c0414.gout
-7726.88207909 -7726.88184 -7713.85352 c0415.gout
-7726.91335740 -7726.91357 -7713.88672 c0416.gout
-7726.83392580 -7726.83398 -7713.88330 c0417.gout
-7726.84385290 -7726.84375 -7713.77490 c0418.gout
-7726.87166287 -7726.87158 -7713.86328 c0420.gout
-7726.89616620 -7726.89600 -7713.87646 c0421.gout
-7726.76207797 -7726.76221 -7714.44580 c0454.gout
-7726.90399127 -7726.90381 -7713.88623 c0455.gout
-7726.86648526 -7726.86670 -7713.93457 c0456.gout
-7726.75868361 -7726.75879 -7713.83887 c0457.gout
-7726.83448561 -7726.83447 -7713.93701 c0458.gout
-7726.85598709 -7726.85596 -7713.92334 c0459.gout
-7726.85460117 -7726.85449 -7713.92383 c0460.gout
-7726.81467554 -7726.81445 -7713.95752 c0461.gout
-7726.87664034 -7726.87646 -7713.94629 c0463.gout
-7726.82334878 -7726.82324 -7713.91162 c0464.gout
-7726.88667914 -7726.88672 -7713.96289 c0465.gout
-7726.78356366 -7726.78369 -7714.41992 c0497.gout
-7726.87872345 -7726.87891 -7713.81445 c0498.gout
-7726.93744680 -7726.93750 -7713.96338 c0499.gout
-7726.88643895 -7726.88623 -7713.92480 c0500.gout
-7726.75490956 -7726.75488 -7713.81396 c0501.gout
-7726.87048892 -7726.87061 -7713.89160 c0502.gout
-7726.89766227 -7726.89746 -7713.92188 c0503.gout
-7726.86623599 -7726.86621 -7713.84814 c0505.gout
-7726.86087912 -7726.86084 -7713.88037 c0506.gout
-7726.90294953 -7726.90283 -7713.94775 c0507.gout
-7726.89071929 -7726.89062 -7713.92383 c0508.gout
-7725.89933131 -7725.89941 -7714.49268 c0539.gout
-7726.23274066 -7726.23291 -7713.83252 c0540.gout
-7726.23182155 -7726.23193 -7713.93555 c0541.gout
-7726.22596363 -7726.22607 -7713.93701 c0542.gout
-7726.20595988 -7726.20605 -7713.94385 c0543.gout
-7726.17888539 -7726.17871 -7713.81250 c0544.gout
-7726.16901874 -7726.16895 -7713.93457 c0546.gout
-7726.22140263 -7726.22119 -7713.89014 c0547.gout
-7726.23542102 -7726.23535 -7713.96045 c0548.gout
-7726.22773617 -7726.22754 -7713.95264 c0549.gout
-7726.24100300 -7726.24121 -7713.90186 c0550.gout
-7726.83150087 -7726.83154 -7713.79443 c0580.gout
-7726.89451080 -7726.89453 -7713.14307 c0581.gout
-7726.96822405 -7726.96826 -7713.30225 c0582.gout
-7726.92941181 -7726.92920 -7713.27979 c0583.gout
-7726.92904476 -7726.92920 -7713.29883 c0584.gout
-7726.83134887 -7726.83154 -7713.16943 c0586.gout
-7726.86618070 -7726.86621 -7713.28223 c0587.gout
-7726.93382572 -7726.93359 -7713.22559 c0588.gout
-7726.94225044 -7726.94238 -7713.28418 c0589.gout
-7726.98634216 -7726.98633 -7713.34131 c0590.gout
-7726.93366155 -7726.93359 -7713.28174 c0591.gout
-7726.05805481 -7726.05811 -7714.45898 c0620.gout
-7726.11268305 -7726.11279 -7713.90967 c0621.gout
-7726.18587206 -7726.18604 -7713.99365 c0622.gout
-7726.10234172 -7726.10254 -7714.00830 c0623.gout
-7726.26598879 -7726.26611 -7713.96289 c0625.gout
-7726.27666528 -7726.27686 -7713.98584 c0626.gout
-7726.18173271 -7726.18164 -7713.88965 c0627.gout
-7726.09132690 -7726.09131 -7713.92432 c0628.gout
-7726.16776292 -7726.16797 -7713.98877 c0629.gout
-7726.18133157 -7726.18115 -7714.00000 c0630.gout
-7726.25259805 -7726.25244 -7714.04102 c0631.gout
-7726.81242093 -7726.81250 -7713.68164 c0659.gout
-7726.90820878 -7726.90820 -7713.05713 c0660.gout
-7726.87719277 -7726.87695 -7713.11426 c0661.gout
-7726.88149373 -7726.88135 -7713.14893 c0663.gout
-7726.91156978 -7726.91162 -7713.14746 c0664.gout
-7726.90279851 -7726.90283 -7713.14062 c0665.gout
-7726.84556696 -7726.84570 -7713.16211 c0666.gout
-7726.79756434 -7726.79736 -7712.98779 c0667.gout
-7726.95797233 -7726.95801 -7713.20410 c0668.gout
-7726.90285932 -7726.90283 -7713.16064 c0669.gout
-7726.90844195 -7726.90820 -7713.15576 c0670.gout
-7726.71456044 -7726.71436 -7714.45312 c0697.gout
-7726.85435084 -7726.85449 -7713.86572 c0698.gout
-7726.86276564 -7726.86279 -7713.97656 c0700.gout
-7726.79331458 -7726.79346 -7713.93164 c0701.gout
-7726.86568194 -7726.86572 -7713.96826 c0702.gout
-7726.85925562 -7726.85938 -7713.95850 c0703.gout
-7726.83677842 -7726.83691 -7714.02002 c0704.gout
-7726.84899100 -7726.84912 -7713.90283 c0705.gout
-7726.74082822 -7726.74072 -7713.85059 c0706.gout
-7726.84233154 -7726.84229 -7713.95898 c0707.gout
-7726.84904300 -7726.84912 -7713.95996 c0708.gout
-7726.84063819 -7726.84082 -7714.41748 c0734.gout
-7726.94519482 -7726.94531 -7713.88818 c0736.gout
-7726.90817673 -7726.90820 -7713.87695 c0737.gout
-7726.95616183 -7726.95605 -7713.93408 c0738.gout
-7726.94897754 -7726.94922 -7713.89551 c0739.gout
-7726.95241361 -7726.95264 -7713.89893 c0740.gout
-7726.88704646 -7726.88721 -7713.91455 c0741.gout
-7726.99709970 -7726.99707 -7713.89795 c0742.gout
-7726.94985099 -7726.94971 -7713.90283 c0743.gout
-7726.82990874 -7726.83008 -7713.80225 c0744.gout
-7726.93782713 -7726.93799 -7713.89453 c0745.gout
-7726.83406268 -7726.83398 -7713.88379 c0771.gout
-7726.86657314 -7726.86670 -7714.00488 c0772.gout
-7726.87641073 -7726.87646 -7714.03174 c0773.gout
-7726.83629060 -7726.83643 -7714.01367 c0774.gout
-7726.79979649 -7726.79980 -7713.94824 c0775.gout
-7726.90518632 -7726.90527 -7714.04639 c0776.gout
-7726.78075029 -7726.78076 -7714.00732 c0777.gout
-7726.84724960 -7726.84717 -7713.94482 c0778.gout
-7726.84089319 -7726.84082 -7713.98975 c0779.gout
-7726.84644029 -7726.84668 -7714.00684 c0780.gout
-7726.73254337 -7726.73242 -7713.89014 c0781.gout
-7726.69112024 -7726.69092 -7713.64551 c0806.gout
-7726.70323761 -7726.70312 -7713.73828 c0807.gout
-7726.71491033 -7726.71484 -7713.74951 c0808.gout
-7726.61582070 -7726.61572 -7713.76123 c0809.gout
-7726.68934616 -7726.68945 -7713.65967 c0810.gout
-7726.70545314 -7726.70557 -7713.73926 c0811.gout
-7726.60161947 -7726.60156 -7713.75244 c0812.gout
-7726.72508728 -7726.72510 -7713.65967 c0813.gout
-7726.74496045 -7726.74512 -7713.77295 c0814.gout
-7726.70433438 -7726.70410 -7713.78906 c0815.gout
-7726.71067650 -7726.71045 -7713.75049 c0816.gout
-7726.54950707 -7726.54932 -7714.10352 c0839.gout
-7726.66105505 -7726.66113 -7713.50391 c0840.gout
-7726.66829796 -7726.66846 -7713.59668 c0841.gout
-7726.66942742 -7726.66943 -7713.61035 c0842.gout
-7726.65803650 -7726.65820 -7713.61963 c0843.gout
-7726.59723552 -7726.59717 -7713.51807 c0844.gout
-7726.64619314 -7726.64600 -7713.57080 c0845.gout
-7726.63196755 -7726.63184 -7713.64062 c0846.gout
-7726.66108272 -7726.66113 -7713.54541 c0847.gout
-7726.67459299 -7726.67480 -7713.60840 c0848.gout
-7726.70546670 -7726.70557 -7713.63965 c0850.gout
-7726.56523377 -7726.56543 -7714.07031 c0872.gout
-7726.66686349 -7726.66699 -7713.46045 c0873.gout
-7726.68396620 -7726.68408 -7713.56934 c0874.gout
-7726.61213431 -7726.61230 -7713.50781 c0875.gout
-7726.65760613 -7726.65771 -7713.57373 c0876.gout
-7726.67696014 -7726.67676 -7713.56250 c0877.gout
-7726.71165176 -7726.71143 -7713.59326 c0878.gout
-7726.61420353 -7726.61426 -7713.57617 c0879.gout
-7726.64903812 -7726.64893 -7713.48340 c0880.gout
-7726.70098269 -7726.70117 -7713.61279 c0882.gout
-7726.68125135 -7726.68115 -7713.57422 c0883.gout
-7726.62719504 -7726.62695 -7714.09277 c0904.gout
-7726.65708188 -7726.65723 -7713.40527 c0905.gout
-7726.73626007 -7726.73633 -7713.57324 c0906.gout
-7726.73712710 -7726.73730 -7713.59229 c0907.gout
-7726.70957815 -7726.70947 -7713.58301 c0908.gout
-7726.71923038 -7726.71924 -7713.55908 c0909.gout
-7726.76900362 -7726.76904 -7713.61133 c0910.gout
-7726.67149308 -7726.67139 -7713.59326 c0911.gout
-7726.73337421 -7726.73340 -7713.57715 c0913.gout
-7726.70118688 -7726.70117 -7713.55811 c0914.gout
-7726.76171046 -7726.76172 -7713.60742 c0915.gout
-7726.59669637 -7726.59668 -7714.13672 c0935.gout
-7726.71010447 -7726.70996 -7713.53955 c0936.gout
-7726.64330470 -7726.64307 -7713.56055 c0937.gout
-7726.70754377 -7726.70752 -7713.63867 c0938.gout
-7726.69077990 -7726.69092 -7713.64551 c0939.gout
-7726.69419269 -7726.69434 -7713.61572 c0940.gout
-7726.71892417 -7726.71875 -7713.63574 c0941.gout
-7726.73698486 -7726.73682 -7713.61377 c0943.gout
-7726.68275803 -7726.68262 -7713.60498 c0944.gout
-7726.73284175 -7726.73291 -7713.67041 c0945.gout
-7726.70538755 -7726.70557 -7713.63281 c0946.gout
-7725.75853962 -7725.75830 -7714.04492 c0965.gout
-7726.01557144 -7726.01562 -7713.50439 c0966.gout
-7726.03154858 -7726.03174 -7713.61572 c0967.gout
-7726.01986339 -7726.02002 -7713.61621 c0968.gout
-7725.98391280 -7725.98389 -7713.61279 c0969.gout
-7726.01108513 -7726.01123 -7713.59912 c0970.gout
-7725.94209648 -7725.91406 -7713.65527 c0972.gout
-7725.93684718 -7726.00830 -7713.55908 c0973.gout
-7726.04401868 -7726.04395 -7713.63818 c0974.gout
-7726.01408103 -7726.01416 -7713.61670 c0975.gout
-7726.01324399 -7726.01318 -7713.58154 c0976.gout
-7726.55698719 -7726.55713 -7713.42529 c0994.gout
-7726.62518638 -7726.62500 -7712.78955 c0995.gout
-7726.69642350 -7726.69629 -7712.94678 c0996.gout
-7726.70580492 -7726.70557 -7712.96729 c0997.gout
-7726.65118949 -7726.65137 -7712.93457 c0998.gout
-7726.67624344 -7726.67627 -7712.92285 c1000.gout
-7726.60521623 -7726.60498 -7712.92822 c1001.gout
-7726.65633637 -7726.65625 -7712.86133 c1002.gout
-7726.67921037 -7726.67920 -7712.93115 c1003.gout
-7726.58911717 -7726.58887 -7712.86035 c1004.gout
-7726.65993064 -7726.66016 -7712.92041 c1005.gout
-7725.91980572 -7725.91992 -7714.04248 c1022.gout
-7726.05678692 -7726.05664 -7713.49121 c1023.gout
-7726.02434424 -7726.02441 -7713.56152 c1024.gout
-7726.03250129 -7726.03271 -7713.58105 c1025.gout
-7726.05497500 -7726.05518 -7713.58740 c1027.gout
-7726.02196466 -7726.02197 -7713.55859 c1028.gout
-7725.99182956 -7725.99170 -7713.58008 c1029.gout
-7726.02688968 -7726.02686 -7713.50732 c1030.gout
-7726.01529198 -7726.01514 -7713.56445 c1031.gout
-7726.03313833 -7726.03320 -7713.58398 c1032.gout
-7725.96025534 -7725.96045 -7713.49707 c1033.gout
-7726.63356168 -7726.63379 -7713.46533 c1049.gout
-7726.69742474 -7726.69727 -7712.82715 c1050.gout
-7726.68174067 -7726.68164 -7712.89990 c1051.gout
-7726.72471404 -7726.72461 -7712.97559 c1053.gout
-7726.70767535 -7726.70752 -7712.92236 c1054.gout
-7726.71003482 -7726.70996 -7712.92578 c1055.gout
-7726.64734295 -7726.64746 -7712.93701 c1056.gout
-7726.71159615 -7726.71143 -7712.88037 c1057.gout
-7726.64144657 -7726.64160 -7712.86230 c1058.gout
-7726.70366794 -7726.70361 -7712.93848 c1059.gout
-7726.71331084 -7726.71338 -7712.94189 c1060.gout
-7726.63409744 -7726.63428 -7714.14990 c1075.gout
-7726.71011229 -7726.70996 -7713.51074 c1076.gout
-7726.71482633 -7726.71484 -7713.61670 c1078.gout
-7726.66136944 -7726.66113 -7713.58740 c1079.gout
-7726.74307860 -7726.74316 -7713.62207 c1080.gout
-7726.72782418 -7726.72803 -7713.61475 c1081.gout
-7726.60416158 -7726.60400 -7713.54834 c1082.gout
-7726.70832124 -7726.70850 -7713.55078 c1083.gout
-7726.72211313 -7726.72217 -7713.61328 c1084.gout
-7726.70787417 -7726.70801 -7713.61426 c1085.gout
-7726.70494711 -7726.70508 -7713.60498 c1086.gout
-7726.57597734 -7726.57617 -7714.12500 c1100.gout
-7726.71915408 -7726.71924 -7713.64746 c1102.gout
-7726.65081652 -7726.65088 -7713.59521 c1103.gout
-7726.68293292 -7726.68311 -7713.65039 c1104.gout
-7726.66630903 -7726.66650 -7713.59814 c1105.gout
-7726.67979286 -7726.67969 -7713.60938 c1106.gout
-7726.62759180 -7726.62744 -7713.63330 c1107.gout
-7726.59809613 -7726.59814 -7713.48877 c1108.gout
-7726.67483390 -7726.67480 -7713.61035 c1109.gout
-7726.67610508 -7726.67627 -7713.62744 c1110.gout
-7726.66961228 -7726.66943 -7713.61230 c1111.gout
-7726.73955853 -7726.73975 -7713.51074 c1125.gout
-7726.72025513 -7726.72021 -7713.58008 c1126.gout
-7726.73792787 -7726.73779 -7713.61572 c1127.gout
-7726.68667042 -7726.68652 -7713.58398 c1128.gout
-7726.67138954 -7726.67139 -7713.53418 c1129.gout
-7726.63718362 -7726.63721 -7713.50488 c1130.gout
-7726.64377540 -7726.64355 -7713.58545 c1131.gout
-7726.71405186 -7726.71387 -7713.53125 c1132.gout
-7726.70849967 -7726.70850 -7713.57520 c1133.gout
-7726.69998582 -7726.70020 -7713.58203 c1134.gout
-7726.70970812 -7726.70947 -7713.58301 c1135.gout
-7726.64521669 -7726.64502 -7713.52881 c1148.gout
-7726.63557753 -7726.63574 -7713.75146 c1149.gout
-7726.63677686 -7726.63672 -7713.74365 c1150.gout
-7726.67524012 -7726.67529 -7713.74609 c1151.gout
-7726.62720408 -7726.62695 -7713.78662 c1152.gout
-7726.63677828 -7726.63672 -7713.74072 c1153.gout
-7726.54709421 -7726.54688 -7713.74658 c1154.gout
-7726.64583090 -7726.64600 -7713.65918 c1155.gout
-7726.66249080 -7726.66260 -7713.75391 c1156.gout
-7726.62421832 -7726.62402 -7713.78174 c1157.gout
-7726.66917375 -7726.66895 -7713.73193 c1158.gout
-7726.48423397 -7726.48438 -7714.16943 c1169.gout
-7726.49114007 -7726.49121 -7713.45898 c1170.gout
-7726.62659258 -7726.62646 -7713.68164 c1171.gout
-7726.61413648 -7726.61426 -7713.68359 c1172.gout
-7726.58340370 -7726.58350 -7713.67627 c1173.gout
-7726.65552402 -7726.65576 -7713.71680 c1174.gout
-7726.58687222 -7726.58691 -7713.64209 c1175.gout
-7726.55250411 -7726.55273 -7713.69336 c1176.gout
-7726.59813507 -7726.59814 -7713.61133 c1177.gout
-7726.59920001 -7726.59912 -7713.66162 c1178.gout
-7726.63549904 -7726.63525 -7713.79004 c1179.gout
-7726.64048229 -7726.64062 -7713.70410 c1180.gout
-7726.47932224 -7726.47949 -7714.15723 c1190.gout
-7726.56078295 -7726.56055 -7713.52832 c1191.gout
-7726.46989330 -7726.46973 -7713.52637 c1192.gout
-7726.63580847 -7726.63574 -7713.70850 c1193.gout
-7726.56079494 -7726.56104 -7713.64893 c1194.gout
-7726.56332858 -7726.56348 -7713.62109 c1195.gout
-7726.59119697 -7726.59131 -7713.64795 c1196.gout
-7726.51266387 -7726.51270 -7713.64404 c1197.gout
-7726.54335610 -7726.54346 -7713.55664 c1198.gout
-7726.60968601 -7726.60986 -7713.74902 c1199.gout
-7726.60624295 -7726.60645 -7713.67920 c1200.gout
-7726.56146904 -7726.56152 -7713.62939 c1201.gout
-7726.49556949 -7726.49561 -7714.10986 c1210.gout
-7726.65835291 -7726.65820 -7713.56445 c1211.gout
-7726.61595195 -7726.61572 -7713.60693 c1212.gout
-7726.49881932 -7726.49902 -7713.50781 c1213.gout
-7726.60109708 -7726.60107 -7713.62842 c1214.gout
-7726.59144440 -7726.59131 -7713.58545 c1215.gout
-7726.64280078 -7726.64258 -7713.63623 c1216.gout
-7726.53611496 -7726.53613 -7713.60693 c1217.gout
-7726.63700880 -7726.63721 -7713.66162 c1218.gout
-7726.60641286 -7726.60645 -7713.60352 c1219.gout
-7726.57896570 -7726.57910 -7713.58984 c1220.gout
-7726.61491995 -7726.61475 -7713.62061 c1221.gout
-7726.51155338 -7726.51172 -7714.14795 c1229.gout
-7726.61623680 -7726.61621 -7713.53418 c1230.gout
-7726.69191167 -7726.69189 -7713.69727 c1231.gout
-7726.62389535 -7726.62402 -7713.64258 c1232.gout
-7726.49574834 -7726.49561 -7713.53857 c1233.gout
-7726.63323842 -7726.63330 -7713.63867 c1234.gout
-7726.62289004 -7726.62305 -7713.62695 c1235.gout
-7726.59636102 -7726.59619 -7713.75977 c1236.gout
-7726.65034008 -7726.65039 -7713.61621 c1237.gout
-7726.60190871 -7726.60205 -7713.61426 c1238.gout
-7726.63542854 -7726.63525 -7713.66113 c1239.gout
-7726.62093140 -7726.62109 -7713.63672 c1240.gout
-7725.91990496 -7725.91992 -7714.22461 c1247.gout
-7726.13211267 -7726.13232 -7713.55859 c1248.gout
-7726.15045941 -7726.15039 -7713.65332 c1249.gout
-7726.15435829 -7726.15430 -7713.68213 c1250.gout
-7726.12069087 -7726.12061 -7713.65967 c1251.gout
-7725.82410200 -7725.82422 -7713.53516 c1252.gout
-7726.16069025 -7726.16064 -7713.76611 c1253.gout
-7725.93452761 -7725.93457 -7713.70068 c1254.gout
-7726.13840419 -7726.13818 -7713.59326 c1255.gout
-7726.15438572 -7726.15430 -7713.67188 c1256.gout
-7726.14221092 -7726.14209 -7713.66357 c1257.gout
-7725.93076096 -7725.93066 -7713.63379 c1258.gout
-7726.51024188 -7726.51025 -7713.67627 c1264.gout
-7726.58774081 -7726.58789 -7713.04590 c1265.gout
-7726.64244111 -7726.64258 -7713.18457 c1266.gout
-7726.65594255 -7726.65576 -7713.21680 c1267.gout
-7726.59328695 -7726.59326 -7713.17285 c1268.gout
-7726.65094241 -7726.65088 -7713.27051 c1269.gout
-7726.52110457 -7726.52100 -7713.06299 c1270.gout
-7726.57704207 -7726.57715 -7713.19824 c1271.gout
-7726.61211010 -7726.61230 -7713.11230 c1272.gout
-7726.62466893 -7726.62451 -7713.17285 c1273.gout
-7726.67919476 -7726.67920 -7713.24414 c1274.gout
-7726.62864664 -7726.62842 -7713.17871 c1275.gout
-7725.81248842 -7725.81250 -7714.13525 c1280.gout
-7726.03693888 -7726.03711 -7713.56543 c1281.gout
-7726.03945308 -7726.03955 -7713.64893 c1282.gout
-7726.03510101 -7726.03516 -7713.65576 c1283.gout
-7725.96934040 -7726.03174 -7713.77393 c1284.gout
-7725.95085262 -7725.94629 -7713.67334 c1285.gout
-7726.03222907 -7726.03223 -7713.64600 c1286.gout
-7725.77319968 -7725.77344 -7713.55664 c1287.gout
-7726.03899182 -7726.03906 -7713.61377 c1288.gout
-7726.02722221 -7726.02734 -7713.65918 c1289.gout
-7726.03213302 -7726.03223 -7713.66211 c1290.gout
-7726.00269408 -7726.00244 -7713.71729 c1291.gout
-7726.52447824 -7726.52441 -7713.58350 c1295.gout
-7726.60777064 -7726.60791 -7712.95850 c1296.gout
-7726.59694093 -7726.59717 -7713.03662 c1297.gout
-7726.65390407 -7726.65381 -7713.18555 c1298.gout
-7726.63189342 -7726.63184 -7713.10547 c1299.gout
-7726.60065533 -7726.60059 -7713.04102 c1300.gout
-7726.63647762 -7726.63623 -7713.07617 c1301.gout
-7726.55373209 -7726.55371 -7713.06836 c1302.gout
-7726.50984165 -7726.50977 -7712.90088 c1303.gout
-7726.68274690 -7726.68262 -7713.12646 c1304.gout
-7726.61781451 -7726.61768 -7713.07715 c1305.gout
-7726.61461265 -7726.61475 -7713.06396 c1306.gout
-7726.55306008 -7726.55322 -7714.18945 c1309.gout
-7726.61557714 -7726.61572 -7713.53906 c1310.gout
-7726.67035643 -7726.67041 -7713.75928 c1311.gout
-7726.63344241 -7726.63330 -7713.65771 c1312.gout
-7726.58725491 -7726.58740 -7713.63379 c1313.gout
-7726.64225096 -7726.64209 -7713.64990 c1314.gout
-7726.63651314 -7726.63672 -7713.64648 c1315.gout
-7726.62633702 -7726.62646 -7713.72217 c1316.gout
-7726.63000715 -7726.62988 -7713.59912 c1317.gout
-7726.52182173 -7726.52197 -7713.54346 c1318.gout
-7726.64328513 -7726.64307 -7713.67432 c1319.gout
-7726.62629480 -7726.62646 -7713.64600 c1320.gout
-7726.48240221 -7726.48242 -7714.16309 c1322.gout
-7726.61917261 -7726.61914 -7713.67480 c1323.gout
-7726.63304494 -7726.63281 -7713.69678 c1324.gout
-7726.56956955 -7726.56934 -7713.65137 c1325.gout
-7726.58738079 -7726.58740 -7713.68799 c1326.gout
-7726.58290953 -7726.58301 -7713.64893 c1327.gout
-7726.59945298 -7726.59961 -7713.66748 c1328.gout
-7726.53314063 -7726.53320 -7713.67480 c1329.gout
-7726.65036278 -7726.65039 -7713.67236 c1330.gout
-7726.59380761 -7726.59375 -7713.66113 c1331.gout
-7726.48603820 -7726.48584 -7713.56738 c1332.gout
-7726.60571503 -7726.60547 -7713.68213 c1333.gout
-7726.52774816 -7726.52783 -7714.24414 c1334.gout
-7726.63013124 -7726.63037 -7713.55762 c1335.gout
-7726.59482311 -7726.59473 -7713.61572 c1336.gout
-7726.61484118 -7726.61475 -7713.65088 c1337.gout
-7726.57776540 -7726.57764 -7713.63232 c1338.gout
-7726.57347954 -7726.57324 -7713.58789 c1339.gout
-7726.66544938 -7726.66553 -7713.68604 c1340.gout
-7726.55352027 -7726.55371 -7713.64111 c1341.gout
-7726.59361707 -7726.59375 -7713.57031 c1342.gout
-7726.61651401 -7726.61670 -7713.64258 c1343.gout
-7726.58910964 -7726.58887 -7713.63037 c1344.gout
-7726.50621170 -7726.50635 -7713.52051 c1345.gout
-7725.99375445 -7725.99365 -7713.64111 c1346.gout
-7726.00825239 -7726.00830 -7713.20557 c1347.gout
-7726.00095041 -7726.00098 -7713.21826 c1348.gout
-7725.93205923 -7725.93213 -7713.21143 c1349.gout
-7725.95413654 -7725.95410 -7713.14258 c1350.gout
-7726.00002446 -7726.00000 -7713.15430 c1351.gout
-7725.75564670 -7725.75586 -7713.21045 c1352.gout
-7725.98072909 -7725.98096 -7712.93994 c1353.gout
-7725.91722763 -7725.91699 -7713.18945 c1354.gout
-7725.99583819 -7725.99561 -7713.12354 c1355.gout
-7726.01920918 -7726.01904 -7713.20703 c1356.gout
-7726.11082207 -7726.11084 -7712.59717 c1357.gout
-7726.06268988 -7726.06250 -7712.55859 c1358.gout
-7726.08014243 -7726.08008 -7712.60303 c1359.gout
-7726.04672119 -7726.04688 -7712.53418 c1360.gout
-7725.90340579 -7725.90332 -7712.57764 c1361.gout
-7726.02395578 -7726.02393 -7712.51611 c1362.gout
-7726.09257288 -7726.09277 -7712.33154 c1363.gout
-7726.00865589 -7726.00879 -7712.59863 c1366.gout
-7726.07359995 -7726.07373 -7712.65869 c1367.gout
-7726.05602042 -7726.05615 -7712.65674 c1368.gout
-7726.10600240 -7726.10596 -7712.68066 c1369.gout
-7726.10283552 -7726.10303 -7712.60352 c1370.gout
-7726.04938842 -7726.04932 -7712.49707 c1371.gout
-7725.89893618 -7725.89893 -7712.62500 c1372.gout
-7726.01611821 -7726.01611 -7712.70654 c1374.gout
-7726.09803101 -7726.09814 -7712.72070 c1376.gout
-7726.10697149 -7726.10693 -7712.69824 c1377.gout
-7726.02792161 -7726.02783 -7712.70752 c1378.gout
-7726.11159157 -7726.11182 -7712.50049 c1381.gout
-7725.89604368 -7725.89600 -7712.70215 c1382.gout
-7726.09539290 -7726.09521 -7712.62012 c1383.gout
-7726.08426480 -7726.08447 -7712.69629 c1384.gout
-7725.99424754 -7725.99414 -7712.65283 c1387.gout
-7725.88771696 -7725.88770 -7712.69189 c1388.gout
-7726.07293769 -7726.07275 -7712.62598 c1389.gout
-7726.08325667 -7726.08301 -7712.49902 c1390.gout
-7726.08658366 -7726.08643 -7712.68652 c1394.gout
-7726.09287220 -7726.09277 -7712.67773 c1395.gout
-7725.88668829 -7725.88672 -7712.59570 c1396.gout
-7726.05670706 -7726.05664 -7712.70508 c1397.gout
-7726.11331728 -7726.11328 -7712.63965 c1398.gout
-7726.11584819 -7726.11572 -7712.69580 c1399.gout
-7726.06123581 -7726.06104 -7712.70117 c1400.gout
-7726.06289820 -7726.06299 -7712.48828 c1401.gout
-7726.04716443 -7726.04736 -7712.65234 c1402.gout
-7726.02182802 -7726.02197 -7712.70557 c1403.gout
-7726.04300577 -7726.04297 -7712.71680 c1404.gout
-7726.00079927 -7725.99805 -7712.70605 c1405.gout
-7726.06255841 -7726.06250 -7712.64014 c1406.gout
-7726.05307116 -7726.05322 -7712.64844 c1407.gout
-7726.10247680 -7726.10254 -7712.64355 c1408.gout
-7726.11195171 -7726.11182 -7712.70752 c1409.gout
-7726.11363411 -7726.11377 -7712.69971 c1410.gout
-7726.10691125 -7726.10693 -7712.70801 c1411.gout
