-7727.86808964
-7727.93602243
-7727.92959707
-7727.92809914
-7727.86385153
-7727.91842009
-7727.85248353
-7727.72410987
-7727.02925801
-7727.00077306
-7727.40187957
-7727.32998942
-7727.67389608
-7727.10508485
-7727.71684226
-7727.11321572
-7727.16569627
-7727.03573095
-7727.80865320
-7727.77113663
-7727.76688923
-7727.67092922
-7727.56557124
-7727.55040131
-7727.53143767
-7726.91899631
-7727.62619453
-7726.90245183
-7726.97787577
-7727.01571375
-7727.56196092
-7727.58199460
-7727.57540988
-7727.61531749
-7727.47789918
-7727.50375526
-7727.44830026
-7727.01364502
-7727.50282885
-7727.01813086
-7726.90916647
-7726.89787693
-7727.51049267
-7727.49621143
-7727.46422484
-7727.50363399
-7726.87371625
-7726.86456936
-7726.98019502
-7726.97842899
-7726.96697421
-7726.94911850
-7726.92203611
-7726.91191840
-7726.98409787
-7726.97970066
-7726.97624190
-7726.98262167
-7727.80883073
-7727.84891180
-7727.09393205
-7727.40423661
-7727.69881102
-7727.13160086
-7727.78525550
-7727.09895755
-7727.75438950
-7727.65060016
-7727.58985869
-7726.91889761
-7727.59372215
-7726.90092587
-7727.63618255
-7727.54120618
-7727.53082919
-7727.04920705
-7727.55202549
-7726.93804627
-7727.51407145
-7726.89970189
-7726.98913161
-7727.01091032
-7727.02120710
-7726.94700240
-7727.00899979
-7727.77754475
-7727.11064202
-7727.86615004
-7727.87242271
-7727.82654151
-7727.03036302
-7726.96163840
-7727.68036916
-7727.77736605
-7727.75512607
-7727.45199783
-7727.11279780
-7727.88408423
-7726.98733978
-7727.76355973
-7727.14560226
-7727.85339113
-7727.78439237
-7726.91462633
-7727.61601917
-7727.60394737
-7727.62858566
-7727.62677582
-7726.93581179
-7727.56290967
-7726.91310399
-7727.64363186
-7727.02455443
-7727.60375936
-7727.59533984
-7727.02427824
-7727.51503804
-7727.49894071
-7727.47955689
-7727.55608775
-7727.05215901
-7727.51635537
-7726.93092932
-7727.55521122
-7726.93717884
-7727.51104879
-7727.51875791
-7726.90309947
-7727.01180277
-7727.00439164
-7727.02565744
-7726.88274272
-7726.99970479
-7727.01591386
-7726.95677365
-7727.01686557
-7726.95432850
-7727.00980932
-7727.01898226
-7727.42226952
-7727.08570930
-7727.72683281
-7727.64826077
-7727.76520453
-7726.95430307
-7727.52037516
-7726.96053253
-7727.53758044
-7727.59725837
-7727.53888673
-7726.87884991
-7727.49007718
-7726.87683602
-7727.42610580
-7727.47421416
-7727.45340340
-7726.98067132
-7726.85028187
-7726.88460495
-7726.94694594
-7726.95567818
-7726.92209332
-7726.93949193
-7727.00372190
-7727.73523296
-7727.82863742
-7727.81501099
-7727.74523923
-7727.11659940
-7727.02939235
-7727.60050444
-7727.56769440
-7727.63024049
-7727.63880434
-7726.91061907
-7726.95111623
-7727.53249935
-7727.50362089
-7727.50214337
-7727.52721283
-7727.05745920
-7726.84097844
-7727.00282949
-7727.02554626
-7727.01783794
-7726.99594395
-7727.01549975
-7727.44008736
-7727.73660936
-7727.16504146
-7727.69760407
-7727.72003238
-7727.05588949
-7727.61299202
-7727.53133987
-7727.00964450
-7727.64810719
-7727.62646854
-7726.91713751
-7727.53422269
-7727.51350254
-7726.91810220
-7727.48908719
-7727.54233567
-7727.03544631
-7726.88327748
-7726.99513393
-7726.94373223
-7727.00037746
-7726.98167017
-7726.98609682
-7727.29594146
-7727.67350882
-7727.64594152
-7727.71504041
-7727.10019165
-7727.00339000
-7727.53954939
-7727.47473763
-7727.51659800
-7727.52955886
-7726.94950110
-7726.79663523
-7727.47645426
-7727.41100241
-7727.38705114
-7727.43973189
-7726.86024607
-7726.81146530
-7726.82528413
-7726.91328169
-7726.92813278
-7726.93337620
-7726.85536202
-7726.91838627
-7727.36775798
-7727.53805951
-7727.61473905
-7727.05552348
-7727.66991640
-7727.00959482
-7727.47463054
-7727.46907386
-7727.48700778
-7726.93105144
-7727.51156251
-7726.78957568
-7727.41184071
-7727.37795845
-7727.38691610
-7726.82308915
-7727.42100662
-7726.93424311
-7726.78157264
-7726.88178872
-7726.90000170
-7726.83700729
-7726.86668675
-7726.88810621
-7726.74481963
-7726.88929452
-7727.00487693
-7726.97137192
-7727.01891904
-7726.30597547
-7726.75157634
-7726.77092719
-7726.75241000
-7726.79271071
-7726.73308573
-7726.05455089
-7726.65419862
-7726.70564289
-7726.66947365
-7726.70033627
-7726.69410237
-7726.10044064
-7726.09198677
-7726.19058468
-7726.17637234
-7726.18135943
-7726.19999179
-7726.13024493
-7727.26851122
-7727.34298185
-7727.36334760
-7727.35627543
-7726.77234458
-7727.35349903
-7726.90225755
-7727.32588376
-7726.82550451
-7727.30307499
-7727.23217631
-7726.57822156
-7727.12196775
-7727.11216949
-7727.15966150
-7727.15990193
-7726.56531166
-7727.11617123
-7726.63277897
-7727.13270066
-7726.72871795
-7727.12447982
-7727.15355943
-7726.55370133
-7727.04490820
-7727.02468985
-7727.02505202
-7727.07189282
-7726.58818693
-7727.04860686
-7726.44763082
-7727.04352722
-7726.59453639
-7727.03314097
-7727.04875873
-7726.31438544
-7726.52511887
-7726.55060464
-7726.55130336
-7726.57244759
-7726.54182292
-7726.55946521
-7726.45150178
-7726.56188937
-7726.53822500
-7726.54973248
-7726.51235135
-7727.60946003
-7727.58814877
-7727.65174529
-7726.92553860
-7727.77435452
-7726.82558371
-7727.59735709
-7727.47346125
-7727.61457496
-7726.96305637
-7727.40627498
-7726.82652754
-7727.40233705
-7727.48200815
-7727.40416748
-7726.68555573
-7727.39470470
-7726.76915192
-7727.42598211
-7727.42495220
-7727.38951577
-7726.88451199
-7727.36319752
-7726.68527886
-7727.28611991
-7727.36892738
-7727.31415805
-7726.69770994
-7727.35019379
-7726.67735345
-7727.31115487
-7727.34208509
-7727.31102329
-7726.81400111
-7726.71824276
-7726.69822754
-7726.81024358
-7726.81851818
-7726.79708082
-7726.86700363
-7726.78920990
-7726.79247431
-7726.81814148
-7726.83132278
-7726.78250190
-7726.80318672
-7727.66419703
-7727.68367574
-7727.01736421
-7727.70406755
-7726.87821120
-7727.81498769
-7727.59232959
-7727.08932770
-7727.54494410
-7727.49837934
-7727.44018193
-7726.86626649
-7727.52218296
-7727.53392164
-7726.79708016
-7727.43393836
-7726.83028584
-7727.50989685
-7727.49842722
-7726.89961562
-7727.49343848
-7727.41914070
-7727.40038540
-7726.69871156
-7727.39637702
-7727.46252941
-7726.71619303
-7727.38891886
-7726.81857808
-7727.41707415
-7727.42344943
-7726.84878554
-7727.37677255
-7726.76943119
-7726.87898896
-7726.78110674
-7726.94020777
-7726.86466324
-7726.88207909
-7726.91335740
-7726.83392580
-7726.84385290
-7726.86435621
-7726.87166287
-7726.89616620
-7727.65711866
-7726.94906175
-7727.08296991
-7727.00783680
-7727.62469708
-7727.59174295
-7727.82937138
-7727.58913486
-7727.44578537
-7727.43297735
-7727.48125733
-7726.93763511
-7727.48251381
-7726.77317784
-7726.85349661
-7726.81828805
-7727.46879295
-7727.48196860
-7727.45540991
-7727.45550559
-7727.37617181
-7727.37011235
-7727.38999840
-7726.71309252
-7727.38600861
-7726.90727198
-7726.90507232
-7726.78906332
-7727.38716281
-7727.37655908
-7727.36950947
-7727.34602873
-7726.76207797
-7726.90399127
-7726.86648526
-7726.75868361
-7726.83448561
-7726.85598709
-7726.85460117
-7726.81467554
-7726.83006512
-7726.87664034
-7726.82334878
-7726.88667914
-7726.76370970
-7727.63349750
-7726.86686503
-7727.06643251
-7727.75863073
-7727.70791832
-7727.60680195
-7727.53681598
-7727.42776407
-7727.46545470
-7727.50897871
-7726.90634174
-7726.74062269
-7727.45048941
-7726.83828673
-7726.87658154
-7727.51911946
-7727.44448885
-7727.49913105
-7727.47865131
-7727.36368776
-7727.35987022
-7727.40281694
-7726.74364401
-7726.74377620
-7727.40049992
-7726.74464329
-7726.87726926
-7727.43865943
-7727.36275299
-7727.36122209
-7726.78356366
-7726.87872345
-7726.93744680
-7726.88643895
-7726.75490956
-7726.87048892
-7726.89766227
-7726.80911730
-7726.86623599
-7726.86087912
-7726.90294953
-7726.89071929
-7727.04782584
-7726.28772921
-7727.00810581
-7726.96952994
-7727.07864745
-7727.04271851
-7726.83956988
-7726.74949178
-7726.81508743
-7726.83082375
-7726.82939640
-7726.11371253
-7726.55173038
-7726.15769963
-7726.55545748
-7726.54634295
-7726.54286811
-7726.76440616
-7726.45433059
-7726.70418369
-7726.69223130
-7726.72429286
-7726.74358321
-7726.00389182
-7726.73253261
-7726.10580866
-7726.74392284
-7726.76370608
-7726.71337660
-7726.70961393
-7725.89933131
-7726.23274066
-7726.23182155
-7726.22596363
-7726.20595988
-7726.17888539
-7726.20636303
-7726.16901874
-7726.22140263
-7726.23542102
-7726.22773617
-7726.24100300
-7727.00759643
-7727.74916726
-7727.73957411
-7727.79531013
-7727.69897762
-7727.54288900
-7727.51831219
-7727.49836210
-7726.96191576
-7727.54117957
-7726.85160397
-7726.96784401
-7726.85630647
-7727.53807358
-7727.52832294
-7727.51635504
-7727.58166635
-7727.45123407
-7727.46106430
-7727.39316257
-7726.96887109
-7727.45596000
-7726.97355496
-7726.78493425
-7726.85536682
-7727.46467190
-7727.44259596
-7727.43281739
-7727.48952455
-7726.83150087
-7726.89451080
-7726.96822405
-7726.92941181
-7726.92904476
-7726.89987388
-7726.83134887
-7726.86618070
-7726.93382572
-7726.94225044
-7726.98634216
-7726.93366155
-7726.99935766
-7726.96526334
-7727.03391635
-7726.96520554
-7726.78418313
-7726.84381982
-7726.77115649
-7726.78095116
-7726.69624829
-7726.09193692
-7726.82953013
-7726.17356470
-7726.78237419
-7726.76877566
-7726.66453226
-7726.70302788
-7726.76645556
-7726.78365149
-7726.56983639
-7726.60120617
-7726.68613655
-7726.14974583
-7726.61670766
-7725.99548154
-7726.68626197
-7726.74631935
-7726.58238125
-7726.68836808
-7726.05805481
-7726.11268305
-7726.18587206
-7726.10234172
-7726.16604644
-7726.26598879
-7726.27666528
-7726.18173271
-7726.09132690
-7726.16776292
-7726.18133157
-7726.25259805
-7727.67534321
-7727.76315208
-7727.70744028
-7727.49515049
-7727.47951529
-7727.49877811
-7727.53363360
-7726.91517185
-7726.75405964
-7727.48305879
-7726.82467993
-7726.90395090
-7727.52465922
-7727.52184572
-7727.49421942
-7727.43284268
-7727.38960974
-7727.39379262
-7727.41623700
-7726.88163449
-7726.93915019
-7727.42572948
-7726.84336082
-7726.74223453
-7727.44780343
-7727.44982084
-7727.38111226
-7726.81242093
-7726.90820878
-7726.87719277
-7726.88525716
-7726.88149373
-7726.91156978
-7726.90279851
-7726.84556696
-7726.79756434
-7726.95797233
-7726.90285932
-7726.90844195
-7727.70793165
-7727.60664474
-7726.84398494
-7727.41918177
-7727.42245894
-7727.48924598
-7727.46992450
-7726.74557057
-7727.39219370
-7726.79145037
-7727.48775161
-7726.88852920
-7727.44021159
-7727.45436421
-7726.86677332
-7727.35081443
-7727.32729252
-7727.33373721
-7727.39521085
-7726.88878883
-7727.34705786
-7726.79193546
-7727.41790188
-7726.71414156
-7727.34093450
-7727.36346934
-7726.71456044
-7726.85435084
-7726.83595605
-7726.86276564
-7726.79331458
-7726.86568194
-7726.85925562
-7726.83677842
-7726.84899100
-7726.74082822
-7726.84233154
-7726.84904300
-7727.70489528
-7727.54376788
-7727.50709169
-7726.93446702
-7727.59063471
-7727.53537937
-7726.87653199
-7727.54745166
-7726.81523613
-7727.55774171
-7727.55504079
-7727.00282716
-7727.56746165
-7727.47104328
-7727.45712904
-7726.98086602
-7727.46823547
-7727.45691414
-7726.98578191
-7727.52038865
-7726.86498427
-7727.46317430
-7727.48914900
-7726.78811637
-7727.43877427
-7726.84063819
-7726.91623913
-7726.94519482
-7726.90817673
-7726.95616183
-7726.94897754
-7726.95241361
-7726.88704646
-7726.99709970
-7726.94985099
-7726.82990874
-7726.93782713
-7727.44046403
-7726.84976402
-7727.42232736
-7727.46682431
-7727.46069441
-7726.76598110
-7727.41547723
-7726.82616332
-7727.43384177
-7727.48543903
-7727.41796493
-7726.90897625
-7727.38541586
-7726.88148052
-7727.31230814
-7727.33922961
-7727.35363402
-7726.71336271
-7727.37062805
-7726.78288481
-7727.33911472
-7727.37680775
-7727.35334348
-7726.69029072
-7726.70480260
-7726.83406268
-7726.86657314
-7726.87641073
-7726.83629060
-7726.79979649
-7726.90518632
-7726.78075029
-7726.84724960
-7726.84089319
-7726.84644029
-7726.73254337
-7727.29133434
-7727.30219121
-7727.35029788
-7727.31511307
-7726.63358560
-7727.26213946
-7726.59278279
-7727.27777033
-7726.67666052
-7727.20691564
-7727.28770036
-7726.67479432
-7727.20230950
-7727.12727613
-7727.18967554
-7726.98771817
-7726.74299997
-7727.25042397
-7726.63730604
-7727.20067820
-7726.70991431
-7727.19708433
-7727.20756018
-7726.60000153
-7726.69112024
-7726.70323761
-7726.71491033
-7726.61582070
-7726.68934616
-7726.70545314
-7726.60161947
-7726.72508728
-7726.74496045
-7726.70433438
-7726.71067650
-7727.26851122
-7727.29719850
-7727.29172381
-7726.57882292
-7727.20301577
-7726.54357060
-7727.26717029
-7727.20865344
-7727.22064132
-7726.69222130
-7727.15377206
-7726.66192129
-7727.13856995
-7727.13282684
-7727.17506765
-7726.65890842
-7727.20903437
-7726.58839618
-7727.21219482
-7727.20560582
-7727.16586818
-7726.67296285
-7726.54950707
-7726.66105505
-7726.66829796
-7726.66942742
-7726.65803650
-7726.59723552
-7726.64619314
-7726.63196755
-7726.66108272
-7726.67459299
-7726.67136029
-7726.70546670
-7727.31500721
-7727.28474151
-7726.52386235
-7727.20835460
-7726.60788688
-7727.25554343
-7727.26746990
-7726.67313780
-7727.21486512
-7727.21208634
-7727.13063927
-7726.67022933
-7726.94797304
-7727.16195653
-7726.71588989
-7727.17788652
-7726.61919582
-7727.21695418
-7727.21482029
-7726.68748090
-7727.17990154
-7726.56523377
-7726.66686349
-7726.68396620
-7726.61213431
-7726.65760613
-7726.67696014
-7726.71165176
-7726.61420353
-7726.64903812
-7726.69085013
-7726.70098269
-7726.68125135
-7727.36543119
-7726.66016891
-7726.69622390
-7726.75267057
-7727.31781827
-7727.34401419
-7727.28071879
-7727.31416947
-7727.25045318
-7727.00048872
-7727.16769476
-7726.71587701
-7727.25623879
-7726.76635727
-7726.74016876
-7726.66063679
-7727.25621299
-7727.29342347
-7727.25322311
-7727.21073142
-7726.62719504
-7726.65708188
-7726.73626007
-7726.73712710
-7726.70957815
-7726.71923038
-7726.76900362
-7726.67149308
-7726.73731572
-7726.73337421
-7726.70118688
-7726.76171046
-7726.62349464
-7727.20380277
-7726.59849931
-7726.69263388
-7727.29268341
-7727.25409564
-7727.31571648
-7727.20591337
-7727.19842187
-7726.95105841
-7727.16663567
-7726.69916549
-7726.75404009
-7727.23464935
-7726.63409072
-7726.70983223
-7727.26674159
-7727.18160949
-7727.23621130
-7726.59669525
-7726.71010144
-7726.64330395
-7726.70753747
-7726.69077944
-7726.69419153
-7726.71892246
-7726.65477746
-7726.73697850
-7726.68275636
-7726.73283674
-7726.70538423
-7726.49886771
-7725.98284952
-7726.62844443
-7726.60534048
-7726.60508860
-7726.63260565
-7726.48647598
-7726.51937628
-7726.41346810
-7726.53578631
-7726.52789379
-7725.95188644
-7726.53756242
-7725.91643623
-7726.53833924
-7726.55677046
-7726.51641910
-7726.44716503
-7725.75853742
-7726.01556964
-7726.03154770
-7726.01986439
-7725.98391130
-7726.01108265
-7726.02430119
-7725.91418650
-7726.00830994
-7726.04401728
-7726.01407981
-7726.01324503
-7726.64439804
-7727.29933666
-7727.29717423
-7727.24441706
-7727.27286457
-7727.23028130
-7727.19293611
-7727.11695349
-7726.66663433
-7727.19432177
-7726.54383906
-7726.64578990
-7726.60860384
-7727.13498705
-7727.18381147
-7726.92451266
-7727.12683265
-7726.55698414
-7726.62518278
-7726.69641446
-7726.70579563
-7726.65118572
-7726.66678067
-7726.67624183
-7726.60521004
-7726.65633073
-7726.67920508
-7726.58910897
-7726.65992970
-7726.64777577
-7726.60295684
-7726.62524857
-7726.63672160
-7726.53764323
-7726.51251252
-7726.50819221
-7726.54551504
-7726.53993698
-7726.11472072
-7726.49482114
-7725.92728869
-7726.53468942
-7726.51236209
-7726.51381313
-7726.54919093
-7725.91980197
-7726.05678636
-7726.02434147
-7726.03249791
-7726.04379212
-7726.05497396
-7726.02196411
-7725.99182849
-7726.02688883
-7726.01528848
-7726.03313467
-7725.96025500
-7727.32800286
-7727.28819143
-7727.33419278
-7727.21812812
-7727.24226438
-7727.20533439
-7727.21862432
-7726.70806534
-7726.54261610
-7727.22605429
-7726.62685937
-7726.69274727
-7727.00054316
-7727.16319616
-7727.18848036
-7726.63356090
-7726.69741837
-7726.68174006
-7726.72188820
-7726.72471254
-7726.70767390
-7726.71003330
-7726.64734006
-7726.71159582
-7726.64144566
-7726.70366427
-7726.71331043
-7727.32005155
-7727.35255483
-7726.68519968
-7727.22556027
-7727.19293126
-7727.25161280
-7727.26766897
-7726.74120313
-7727.22135615
-7726.54563081
-7727.19359641
-7726.70146470
-7727.20696569
-7727.16359698
-7726.63409275
-7726.71011197
-7726.73132118
-7726.71482599
-7726.66136908
-7726.74307582
-7726.72782243
-7726.60415802
-7726.70832086
-7726.72211134
-7726.70787248
-7726.70494679
-7727.31331532
-7727.21385843
-7727.18849686
-7726.68554929
-7727.20917276
-7727.18266114
-7726.55521885
-7727.16056523
-7726.60385020
-7726.96023873
-7727.16343030
-7726.67629034
-7727.17555148
-7726.57597291
-7726.67815202
-7726.71915177
-7726.65081531
-7726.68293156
-7726.66630812
-7726.67978599
-7726.62759036
-7726.59809564
-7726.67482747
-7726.67610185
-7726.66960936
-7727.24711325
-7726.70996434
-7727.18546009
-7727.19359045
-7727.26593363
-7726.57652484
-7727.00022203
-7726.63290236
-7727.21329660
-7727.24061325
-7727.15963402
-7726.69210700
-7726.60720588
-7726.73955522
-7726.72025365
-7726.73792403
-7726.68666962
-7726.67138869
-7726.63718299
-7726.64377480
-7726.71404669
-7726.70849895
-7726.69998398
-7726.70970763
-7727.13250772
-7727.10835012
-7727.17290886
-7727.14847131
-7726.67651456
-7727.15646266
-7726.56741105
-7727.11808975
-7726.47565791
-7727.13267135
-7727.09737300
-7726.43897429
-7726.64520794
-7726.63557017
-7726.63676538
-7726.67522525
-7726.62718930
-7726.63676224
-7726.54709223
-7726.64582172
-7726.66248896
-7726.62420588
-7726.66916024
-7727.07414982
-7727.10403775
-7727.16571883
-7726.65196466
-7727.09669874
-7726.52657722
-7727.12280335
-7727.14130610
-7727.05388876
-7726.56816472
-7726.48423102
-7726.49113363
-7726.62658478
-7726.61413555
-7726.58339767
-7726.65552331
-7726.58686503
-7726.55250317
-7726.59812746
-7726.59919917
-7726.63548945
-7726.64047189
-7727.06705646
-7727.09325711
-7726.61929423
-7727.05555174
-7726.50438961
-7727.06200347
-7727.06288091
-7726.56929489
-7727.07598120
-7726.47932159
-7726.56078128
-7726.46988695
-7726.63580045
-7726.56079432
-7726.56332601
-7726.59119608
-7726.51265793
-7726.54335524
-7726.60968371
-7726.60624238
-7726.56146551
-7727.12760297
-7726.63714668
-7726.47260664
-7726.54427046
-7727.07799198
-7727.14018248
-7727.07709510
-7727.06922008
-7726.49558139
-7726.65835059
-7726.61594872
-7726.49881832
-7726.60109190
-7726.59144196
-7726.64279757
-7726.53611325
-7726.63700818
-7726.60640752
-7726.57896116
-7726.61492981
-7726.66950894
-7727.15028863
-7726.55042617
-7726.47048066
-7727.13354083
-7727.07932573
-7727.12368317
-7726.51154429
-7726.61623442
-7726.69190360
-7726.62388645
-7726.49574169
-7726.63323175
-7726.62288639
-7726.59635832
-7726.65032986
-7726.60190281
-7726.63542765
-7726.62093024
-7726.66519704
-7726.05870596
-7726.66514739
-7726.67125113
-7726.63072375
-7726.63735888
-7725.91989839
-7726.13211119
-7726.15045610
-7726.15435784
-7726.12068662
-7725.82410112
-7726.16068947
-7725.93451881
-7726.13839909
-7726.15438180
-7726.14220575
-7725.93075469
-7726.55646541
-7727.13509514
-7727.18862553
-7727.11035637
-7727.10863743
-7726.51023184
-7726.58773622
-7726.64243534
-7726.65593209
-7726.59327964
-7726.65094125
-7726.52110224
-7726.57703754
-7726.61210391
-7726.62466740
-7726.67919330
-7726.62864088
-7726.53752942
-7726.57763169
-7726.53154970
-7726.52660017
-7725.81248774
-7726.03693599
-7726.03944957
-7726.03509880
-7726.03195136
-7725.94647687
-7726.03222743
-7725.77319762
-7726.03898663
-7726.02721645
-7726.03213086
-7726.00229535
-7727.14187030
-7727.10065109
-7727.14851280
-7726.52447700
-7726.60776363
-7726.59693740
-7726.65389946
-7726.63188495
-7726.60064882
-7726.63646946
-7726.55372704
-7726.50984052
-7726.68274658
-7726.61780969
-7726.61460714
-7727.12427102
-7727.12923027
-7726.55304805
-7726.61557162
-7726.67035103
-7726.63343117
-7726.58724934
-7726.64224964
-7726.63650720
-7726.62633465
-7726.63000149
-7726.52181785
-7726.64327172
-7726.62628309
-7727.09280210
-7726.48240153
-7726.61916631
-7726.63304245
-7726.56956855
-7726.58737549
-7726.58290756
-7726.59944678
-7726.53313925
-7726.65035942
-7726.59380164
-7726.48603479
-7726.60571243
-7726.52774685
-7726.63012720
-7726.59481811
-7726.61482895
-7726.57775913
-7726.57347100
-7726.66544186
-7726.55351962
-7726.59361120
-7726.61650087
-7726.58909623
-7726.50621019
-7725.99375309
-7726.00824539
-7726.00094423
-7725.93205824
-7725.95412657
-7726.00002268
-7725.75564360
-7725.98072300
-7725.91722194
-7725.99583585
-7726.01920176
-7726.11081558
-7726.06268792
-7726.08013880
-7726.04671647
-7725.90340509
-7726.02394982
-7726.09257064
-7726.10435632
-7726.12469647
-7726.00864910
-7726.07359625
-7726.05601830
-7726.10600070
-7726.10283240
-7726.04938417
-7725.89892846
-7726.14555118
-7726.01611510
-7726.11414687
-7726.09802598
-7726.10697073
-7726.02792008
-7726.05371114
-7726.13806785
-7726.11159162
-7725.89603959
-7726.09538615
-7726.08426269
-7726.09530702
-7726.05619666
-7725.99424471
-7725.88771376
-7726.07293413
-7726.08325025
-7726.12966955
-7725.95246252
-7726.09670806
-7726.08658108
-7726.09287144
-7725.88668304
-7726.05670634
-7726.11331660
-7726.11584376
-7726.06123226
-7726.06289331
-7726.04716361
-7726.02182667
-7726.04300273
-7725.99825160
-7726.06255574
-7726.05306553
-7726.10247094
-7726.11194874
-7726.11362842
-7726.10691013
-7727.68565690
-7727.73388924
-7727.73636685
-7727.69337207
-7727.76755416
-7727.76172724
-7727.62478539
-7726.97929216
-7727.53683398
-7726.95757817
-7726.89708429
-7726.91221871
-7727.45562515
-7727.47040100
-7727.43579996
-7727.48741855
-7727.47134938
-7727.44611800
-7727.44162144
-7726.85303822
-7727.44627783
-7726.80684227
-7726.70277817
-7726.66305893
-7727.37809459
-7727.39518149
-7727.34573885
-7727.42120359
-7727.36458871
-7727.37126723
-7727.33337798
-7726.88682347
-7727.36734543
-7726.80014085
-7726.74902109
-7726.74270867
-7726.85175129
-7726.86078678
-7726.91425363
-7726.90979626
-7726.82975936
-7726.84813602
-7726.89100772
-7726.86029618
-7726.84496387
-7726.82723239
-7727.05670041
-7727.74567866
-7727.64709773
-7726.94847835
-7727.51092061
-7727.52564308
-7726.91741260
-7727.50764854
-7727.47728813
-7726.74208332
-7727.41382890
-7727.47774765
-7726.94242602
-7727.42138389
-7727.40408708
-7726.79542417
-7726.94953990
-7726.90458047
-7726.90251205
-7726.87524985
-7726.90882089
-7727.56107178
-7727.73129636
-7727.00378371
-7727.11884710
-7727.56109588
-7727.60585873
-7726.93253291
-7727.44491380
-7727.45131490
-7727.42704725
-7726.90607039
-7727.50437892
-7727.45765255
-7727.46451560
-7726.83926364
-7726.85836050
-7727.43630471
-7727.45617807
-7726.72086192
-7727.34387285
-7727.38637220
-7727.36095122
-7726.72254236
-7727.41904362
-7727.34415754
-7727.39648779
-7726.89526514
-7726.89683508
-7727.35373999
-7727.35629161
-7726.75515050
-7726.85878819
-7726.91651626
-7726.86624609
-7726.81021520
-7726.85520225
-7726.88137612
-7726.80467213
-7726.88587888
-7726.81356845
-7726.89671083
-7726.84697685
-7726.89817038
-7727.44623525
-7727.39182234
-7726.82955732
-7727.42091313
-7727.45532182
-7726.67980053
-7727.34675806
-7727.33365956
-7726.86573046
-7727.33506875
-7727.39491404
-7726.72186419
-7726.77671224
-7726.84578057
-7726.81672640
-7726.88373101
-7726.79436700
-7727.00821782
-7727.55652448
-7727.55863559
-7727.54208984
-7727.56316738
-7726.99588151
-7726.79390139
-7727.46005648
-7727.46953043
-7727.44813896
-7727.48932345
-7727.01258547
-7726.82291867
-7726.97946005
-7726.97393125
-7726.97908088
-7726.98207464
-7726.94656357
-7726.84536002
-7727.43700055
-7727.42717008
-7727.39796799
-7726.82621105
-7727.45249910
-7726.67701404
-7727.31276221
-7727.36451587
-7727.31810636
-7726.80310043
-7727.38511405
-7726.73418659
-7726.82658127
-7726.79123699
-7726.80130973
-7726.85784085
-7726.83595644
-7726.17205753
-7726.77101179
-7726.78259814
-7726.80069189
-7726.80977452
-7726.76092450
-7726.03519614
-7726.70558790
-7726.70951763
-7726.68229820
-7726.70083165
-7726.75002022
-7726.13408884
-7726.20154025
-7726.17431854
-7726.20361103
-7726.24507214
-7726.22730864
-7726.81352797
-7727.36126206
-7726.80752900
-7727.34906532
-7727.34132426
-7727.40101472
-7726.63057685
-7727.27309771
-7726.78373225
-7727.26057148
-7727.25782562
-7727.30133831
-7726.66510586
-7726.72173605
-7726.74636155
-7726.73026370
-7726.82583382
-7726.76745936
-7726.85643756
-7726.81705336
-7727.38769744
-7727.36119177
-7727.40704195
-7727.44124076
-7726.65471040
-7726.78868331
-7727.31990542
-7727.27397834
-7727.29669695
-7727.37067848
-7726.66452686
-7726.78237495
-7726.80974299
-7726.82734680
-7726.86000791
-7726.76888809
-7726.70548851
-7726.67002138
-7726.65658111
-7726.70087974
-7726.71214705
-7726.70021114
-7726.70643114
-7726.64153119
-7726.04674533
-7726.69249316
-7726.67745711
-7725.86201449
-7726.61207953
-7726.60395973
-7726.57807519
-7726.54748252
-7726.65084031
-7726.58149661
-7726.54218852
-7726.58919733
-7726.08490461
-7726.59841780
-7726.60482983
-7725.99395907
-7726.08292621
-7726.06155448
-7726.10035176
-7725.97769288
-7726.09667842
-7726.09749082
-7726.05786241
-7726.11913002
-7726.06341661
-7726.08878748
-7726.06791805
-7727.25506659
-7727.21999432
-7727.25758079
-7727.27581103
-7727.21325262
-7727.22120806
-7727.21342071
-7726.64547561
-7727.21227095
-7726.61973532
-7726.47604228
-7726.62566730
-7727.16448581
-7727.09113753
-7727.14044593
-7726.96747206
-7727.15726306
-7727.15324023
-7727.16770297
-7726.68690169
-7727.15379374
-7726.64439187
-7726.52977019
-7726.64049270
-7726.64065508
-7726.64359272
-7726.70202039
-7726.56570948
-7726.61933420
-7726.63626403
-7726.66504939
-7726.63709888
-7726.66314018
-7726.65291595
-7727.19474199
-7727.22537919
-7727.27010021
-7727.19222390
-7727.22842406
-7727.17080372
-7726.62203830
-7726.60285623
-7727.14337705
-7726.47636658
-7727.08545840
-7726.61927031
-7726.87943809
-7727.09887689
-7727.17217360
-7727.09043759
-7727.18021730
-7727.14566634
-7726.66202844
-7726.62137478
-7727.14360223
-7726.50743439
-7726.60899445
-7726.62918675
-7726.55116149
-7726.67288443
-7726.63174134
-7726.65614038
-7726.58485654
-7726.61692677
-7726.62097836
-7726.67509860
-7726.60138186
-7727.23399241
-7727.27058418
-7726.61899591
-7727.14950375
-7727.16656767
-7726.63074823
-7727.17432503
-7727.16974948
-7726.45769880
-7726.88461837
-7727.09382243
-7726.60513710
-7727.12454448
-7727.12525291
-7726.62248339
-7727.14056148
-7727.11084867
-7726.66008832
-7727.13999212
-7727.10654395
-7726.51265650
-7726.52773991
-7726.60937868
-7726.61744390
-7726.65736351
-7726.60356834
-7726.65503422
-7726.58206631
-7726.64460731
-7726.59622687
-7726.59078186
-7726.61008210
-7727.29233423
-7727.16338916
-7727.22137183
-7726.59812882
-7726.64536037
-7727.19627120
-7727.22197309
-7726.47778049
-7727.12880403
-7726.91748553
-7727.07647004
-7726.63336933
-7727.19451911
-7727.12833968
-7727.16628220
-7726.63626452
-7726.67218189
-7727.11817338
-7727.18003045
-7726.52140549
-7726.63550166
-7726.55855387
-7726.63251060
-7726.69021064
-7726.63168452
-7726.64777886
-7726.60736179
-7726.69342263
-7726.59291023
-7726.66977168
-7726.60688169
-7727.24308065
-7726.64169482
-7727.17891536
-7726.63925700
-7727.25628764
-7727.23085990
-7726.44327289
-7727.14254702
-7727.17509516
-7727.15257927
-7727.13862649
-7726.65697404
-7727.16868522
-7726.67120382
-7727.17163209
-7726.69191984
-7727.20216632
-7727.20923731
-7726.52032162
-7726.65840697
-7726.67663309
-7726.66871371
-7726.70823082
-7726.67429971
-7726.68618406
-7726.67909493
-7726.69390355
-7726.68975905
-7726.67574543
-7726.60666398
-7727.26905663
-7727.23990347
-7726.63317780
-7727.23448089
-7727.22751852
-7726.49538944
-7727.16950082
-7727.14181700
-7726.64493763
-7727.15331341
-7727.20631514
-7726.63488459
-7727.16214482
-7727.08572909
-7726.67200426
-7726.90530316
-7727.11437486
-7726.52300337
-7726.60260428
-7726.66582633
-7726.66945826
-7726.69372409
-7726.64457784
-7726.64517428
-7726.59380444
-7726.65724459
-7726.63484604
-7726.57809000
-7726.60801982
-7727.24971903
-7726.66708128
-7727.25545551
-7727.24084159
-7726.48022686
-7727.13403964
-7727.19745522
-7727.13598085
-7727.16763789
-7726.65949787
-7727.08819789
-7726.62735945
-7727.13983260
-7726.68594650
-7727.13483884
-7726.92787754
-7726.49587635
-7726.66547440
-7726.64591097
-7726.65429775
-7726.70415190
-7726.67593821
-7726.64891195
-7726.61134124
-7726.66752733
-7726.63146828
-7726.66583871
-7726.55356718
-7726.61611734
-7727.20805870
-7727.22536191
-7726.46235933
-7727.15456326
-7727.16451170
-7727.10936015
-7726.64456703
-7727.18333535
-7727.10409069
-7727.08916928
-7726.60428137
-7726.59290985
-7727.07932685
-7727.11318311
-7726.53706457
-7726.60595359
-7726.59259861
-7726.62623187
-7726.69113964
-7726.62241520
-7726.62056051
-7726.58086789
-7726.63481070
-7726.54276293
-7726.62366875
-7726.59857343
-7726.64731740
-7726.63397529
-7725.85473832
-7726.55477283
-7726.56376839
-7726.53624271
-7726.56192995
-7726.60071892
-7726.53371867
-7726.48116216
-7726.53629824
-7725.99187846
-7726.56076561
-7726.54270550
-7725.93503922
-7726.03040431
-7726.04509746
-7726.04504507
-7726.08723252
-7726.06437668
-7726.05922996
-7725.87168548
-7726.06728738
-7726.03873557
-7726.04969270
-7726.00273676
-7727.24560379
-7726.48393092
-7727.14528613
-7726.63764311
-7727.14196760
-7727.12020963
-7727.22071695
-7727.08264457
-7727.13997669
-7726.89142210
-7726.66421743
-7726.61571813
-7727.14230953
-7726.52644514
-7726.63053556
-7726.65931423
-7726.60638918
-7726.71045965
-7726.62823073
-7726.63657384
-7726.59989290
-7726.58546480
-7726.61941616
-7726.64225420
-7726.60107199
-7726.47906378
-7726.63018265
-7727.15435314
-7727.09448396
-7727.17175693
-7727.21611007
-7726.88729486
-7727.11465288
-7727.10778003
-7726.67459186
-7727.08456046
-7726.62189663
-7726.52724489
-7726.64775489
-7726.63356722
-7726.65951734
-7726.67763673
-7726.59952001
-7726.56606041
-7726.58632747
-7726.66084745
-7726.61371920
-7726.63350295
-7726.60228437
-7726.38934980
-7726.41569810
-7726.38478366
-7726.40097881
-7726.45777503
-7726.37147230
-7726.41333073
-7726.37936424
-7725.90040533
-7726.39606594
-7726.39655322
-7725.67977140
-7725.88988807
-7725.88131157
-7725.89306598
-7725.96812000
-7725.88407865
-7725.89746275
-7725.80008576
-7725.91324464
-7725.86848889
-7725.89425541
-7725.87660204
-7727.06731918
-7727.02440141
-7727.09424805
-7727.09986966
-7727.00962899
-7727.03301948
-7727.04344701
-7726.59280017
-7727.00722821
-7726.51486824
-7726.43374312
-7726.43568398
-7726.55900192
-7726.55151880
-7726.59369141
-7726.60643790
-7726.52829191
-7726.52469970
-7726.56605604
-7726.52648821
-7726.58710307
-7726.55435633
-7727.04105163
-7727.06710839
-7727.15806193
-7727.01217691
-7727.08742421
-7727.03624104
-7726.60315641
-7726.51769608
-7727.08012379
-7726.46217487
-7726.54581175
-7726.45509079
-7726.62496167
-7726.61170662
-7726.55789322
-7726.58256445
-7726.51748963
-7726.55754674
-7726.58132855
-7726.60190117
-7726.52438973
-7727.03624373
-7727.08297384
-7726.50293225
-7727.05510225
-7726.97724125
-7726.56078466
-7727.00472286
-7727.00020017
-7726.41420047
-7726.57547436
-7726.52381333
-7726.42061804
-7726.58664923
-7726.51646981
-7726.56333311
-7726.48012336
-7726.57544990
-7726.50914643
-7726.50486445
-7726.51043577
-7727.11364496
-7727.04435226
-7727.03365194
-7726.51823089
-7726.58170019
-7727.01959091
-7727.06837234
-7726.44611877
-7726.54036878
-7726.61543164
-7726.54796541
-7726.50280102
-7726.56317275
-7726.55075748
-7726.54858973
-7726.61434378
-7726.51830618
-7726.57418080
-7726.51998496
-7727.04574862
-7726.56772274
-7727.09972889
-7726.63452837
-7727.10503810
-7727.09122389
-7726.54394565
-7726.59429056
-7726.59856816
-7726.61769226
-7726.64323710
-7726.48903825
-7726.64071313
-7726.59428558
-7726.61436687
-7726.59813971
-7726.60754598
-7726.54405704
-7727.05068541
-7727.01996637
-7726.57188374
-7727.02325902
-7727.03695917
-7726.41966764
-7726.49551043
-7726.54023471
-7726.56721890
-7726.57044473
-7726.56358298
-7726.42794786
-7726.51156076
-7726.54773350
-7726.51533757
-7726.59668426
-7726.50969896
-7727.05354600
-7726.48864396
-7727.10338326
-7727.07652157
-7726.41987468
-7726.57021525
-7726.56175046
-7726.55707681
-7726.65498455
-7726.58147092
-7726.56492420
-7726.40637848
-7726.60675830
-7726.56565669
-7726.57209510
-7726.59401973
-7726.58392290
-7727.02971381
-7727.08338983
-7726.44043460
-7726.52262088
-7726.51067344
-7726.57078435
-7726.61666934
-7726.52524405
-7726.55568641
-7726.49058986
-7726.44449180
-7726.57917993
-7726.54726639
-7726.50683901
-7726.57537744
-7726.59845450
-7725.95986602
-7726.07172489
-7726.09388684
-7726.08530444
-7726.07469712
-7726.08980436
-7726.09089244
-7726.08118831
-7726.10058001
-7725.86396985
-7726.09780947
-7726.04963864
-7727.05456428
-7726.42385517
-7726.56942364
-7726.57719765
-7726.52149445
-7726.60808885
-7726.54040633
-7726.55499673
-7726.50734918
-7726.62661458
-7726.52729860
-7726.43875779
-7726.53345891
-7726.48213591
-7726.57804675
-7726.54737860
-7726.57068913
-7726.60487012
-7726.52479562
-7726.62322195
-7726.51956337
-7726.57767848
-7726.56114847
-7726.55998620
-7726.42140648
-7725.92831176
-7725.93922375
-7725.93622732
-7725.93180243
-7725.88840634
-7725.93838577
-7725.70410116
-7725.93871266
-7725.83777024
-7725.94534071
-7725.93550848
-7726.04096024
-7725.99111060
-7726.08889061
-7725.99338391
-7725.83288493
-7725.98667615
-7726.05780067
-7726.02843113
-7726.07651520
-7725.92001417
-7726.00382904
-7726.05152304
-7726.04397137
-7726.04022629
-7726.00533815
-7725.87171559
-7726.06019887
-7725.96592784
-7726.02108103
-7726.10224715
-7726.05125019
-7725.96312992
-7726.01200504
-7726.10099509
-7726.03390580
-7725.85134799
-7726.00744056
-7726.09800822
-7726.10631775
-7726.08303892
-7726.03333943
-7725.88543535
-7726.09121774
-7726.06686171
-7726.08274506
-7725.92005370
-7726.06990974
-7726.02010002
-7726.04980917
-7725.81753503
-7726.02207823
-7726.08301939
-7726.04204704
-7726.02239076
-7725.98881766
-7726.03646715
-7725.96935115
-7726.01567600
-7725.94943948
-7726.02244818
-7726.04570466
-7726.04198026
-7726.04829221
-7726.01268922
-7726.03440346
-7727.08516558
-7727.05580435
-7727.05382065
-7727.03834686
-7727.00240343
-7726.97217329
-7727.00023844
-7726.43696471
-7726.94099701
-7726.42260617
-7726.42617437
-7726.43572786
-7726.90327298
-7726.89883402
-7726.70544368
-7726.68063154
-7727.00608342
-7726.95396364
-7726.95947071
-7726.45352705
-7726.96126714
-7726.44766355
-7726.43647773
-7726.43747729
-7726.43266576
-7726.44782384
-7726.37704368
-7726.36621135
-7726.41049258
-7726.44515781
-7726.46758098
-7726.47748894
-7726.45470366
-7726.48072531
-7726.42875617
-7726.92658543
-7726.96973309
-7726.41754469
-7726.70670876
-7726.85716996
-7726.44486459
-7726.96980563
-7726.92787105
-7726.44347577
-7726.35893370
-7726.42719301
-7726.45969211
-7726.41034921
-7726.46956296
-7726.93327951
-7726.95885948
-7726.37862230
-7726.41345764
-7726.91186119
-7726.98563173
-7726.40843618
-7726.91147370
-7726.65041541
-7726.86235669
-7726.34375387
-7726.88919495
-7726.96094895
-7726.95495594
-7726.41165821
-7726.41629085
-7726.90839153
-7726.96682667
-7726.41814666
-7726.42311922
-7726.34570485
-7726.42175574
-7726.34984710
-7726.41365609
-7726.42075602
-7726.40154205
-7726.47915772
-7726.42311799
-7726.45332463
-7726.42369617
-7726.40902903
-7726.94810582
-7726.85639614
-7726.41678924
-7726.69044097
-7726.89059530
-7726.41160979
-7726.37407303
-7726.43004735
-7726.45609002
-7726.34183443
-7726.41616153
-7726.39094975
-7726.87580360
-7726.87911996
-7726.88591685
-7726.66898934
-7726.39598816
-7726.35918026
-7726.40628598
-7726.37716920
-7726.39828696
-7726.31974273
-7726.41518499
-7726.37039075
-7726.92415843
-7726.87411048
-7726.88679121
-7726.36410964
-7726.86122444
-7726.42000662
-7726.37503950
-7726.34430260
-7726.39912242
-7726.35643420
-7726.38165511
-7725.77274821
-7726.33420210
-7726.31408398
-7726.34528254
-7726.29459291
-7726.29859548
-7725.84602058
-7725.81101697
-7725.80315839
-7725.66988868
-7725.73350799
-7725.83753229
-7726.38282699
-7726.85781476
-7726.34693656
-7726.86494436
-7726.61084120
-7726.84559440
-7726.35411282
-7726.34866970
-7726.37729023
-7726.32218391
-7726.29353194
-7726.33888465
-7726.37823827
-7726.40435821
-7726.85894433
-7726.86748915
-7726.69527199
-7726.89017603
-7726.40549858
-7726.42054883
-7726.39117345
-7726.42524675
-7726.31778114
-7726.35787257
-7726.31920922
-7726.29615657
-7726.32115136
-7726.21512390
-7726.30485721
-7726.34460057
-7726.35205081
-7726.30414512
-7725.80216541
-7726.33711257
-7726.33100802
-7725.65456777
-7725.82307042
-7725.80282266
-7725.82739433
-7725.75969246
-7725.81130101
-7725.81775728
-7725.74646142
-7725.84776447
-7725.83315408
-7725.81716371
-7725.83763777
-7726.79187681
-7726.81893161
-7726.63738440
-7726.79592278
-7726.84695866
-7726.82930969
-7726.82339784
-7726.34237250
-7726.80056333
-7726.31933959
-7726.32777820
-7726.21767290
-7726.33759102
-7726.34104306
-7726.25634754
-7726.38880502
-7726.30189906
-7726.31366254
-7726.35249864
-7726.35487997
-7726.36781421
-7726.37041020
-7726.77139568
-7726.55425641
-7726.78858230
-7726.78757536
-7726.82386319
-7726.75320740
-7726.29982258
-7726.30842904
-7726.80417368
-7726.29898972
-7726.27382626
-7726.16825851
-7726.35300198
-7726.21709334
-7726.27843517
-7726.29492753
-7726.25280496
-7726.28525468
-7726.34860498
-7726.32275292
-7726.28365948
-7726.58959662
-7726.78635557
-7726.29520918
-7726.85759224
-7726.76419024
-7726.31882633
-7726.80428741
-7726.79561211
-7726.31873035
-7726.37397043
-7726.31587806
-7726.21469238
-7726.25928542
-7726.30661096
-7726.34664003
-7726.27506432
-7726.37411474
-7726.34959001
-7726.29599861
-7726.33948914
-7726.56569330
-7726.64106223
-7726.59998872
-7726.24015606
-7726.21166885
-7726.57443317
-7726.61258814
-7726.10146335
-7726.09154594
-7726.15515021
-7726.09983873
-7725.91908661
-7726.10755662
-7726.08706722
-7726.10232929
-7726.16408970
-7726.10939393
-7726.11743423
-7726.10373616
-7726.78980031
-7726.33384958
-7726.78708008
-7726.30640534
-7726.80918938
-7726.78256001
-7726.35732971
-7726.29305298
-7726.28472023
-7726.31571237
-7726.21815869
-7726.18604050
-7726.32426658
-7726.30221794
-7726.31068809
-7726.34258571
-7726.29412182
-7726.27466374
-7726.89521525
-7726.84872786
-7726.36988628
-7726.86932713
-7726.86991451
-7726.36216969
-7726.33190375
-7726.36899813
-7726.40082457
-7726.28076489
-7726.39518505
-7726.25398295
-7726.34671095
-7726.38285670
-7726.39517644
-7726.42748963
-7726.37394674
-7726.84366553
-7726.35360958
-7726.90484063
-7726.86400634
-7726.34212214
-7726.36645810
-7726.34878197
-7726.35674618
-7726.30742190
-7726.38312485
-7726.34827589
-7726.23218294
-7726.39869266
-7726.39704525
-7726.35961790
-7726.42727674
-7726.33390571
-7726.81864145
-7726.86196501
-7726.33204787
-7726.30548778
-7726.28335875
-7726.35386530
-7726.27632989
-7726.30209246
-7726.32308385
-7726.27895822
-7726.21678247
-7726.40964817
-7726.31835012
-7726.31837160
-7726.33674805
-7726.35167111
-7725.82482923
-7725.82767483
-7725.83740461
-7725.84155925
-7725.68083432
-7725.83365971
-7725.83155708
-7725.83674913
-7725.84868347
-7725.63926395
-7725.84318032
-7725.83660280
-7726.84883333
-7726.33056858
-7726.36709387
-7726.36925136
-7726.31640708
-7726.27736604
-7726.33126294
-7726.33744510
-7726.30417269
-7726.42312129
-7726.36749390
-7726.23639498
-7726.35988266
-7726.37424719
-7726.36614934
-7726.32456160
-7726.36064988
-7726.26468799
-7726.31024259
-7726.39698347
-7726.31452349
-7726.36472011
-7726.38669256
-7726.33715971
-7726.24098702
-7725.83051808
-7725.82914932
-7725.83785421
-7725.71796990
-7725.78148048
-7725.82395077
-7725.59288502
-7725.83889932
-7725.77965478
-7725.83641201
-7725.86990927
-7725.82386584
-7725.78518681
-7725.75276722
-7725.77357200
-7725.61237184
-7725.78171930
-7725.84797977
-7725.85799980
-7725.85758113
-7725.74301468
-7725.78537953
-7725.70583764
-7725.82131561
-7725.80713348
-7725.78994305
-7725.64370106
-7725.87759990
-7725.73469218
-7725.83422155
-7725.76863763
-7725.83917765
-7725.74449659
-7725.80978752
-7725.89118778
-7725.86501877
-7725.63117623
-7725.82917194
-7725.75686843
-7725.75596281
-7725.74831921
-7725.68331201
-7725.58228999
-7725.74341100
-7725.76225863
-7725.85333732
-7725.70721822
-7725.85521400
-7725.84418335
-7725.82742973
-7725.62050708
-7725.80188837
-7725.85716370
-7725.85707407
-7725.78320925
-7725.78670974
-7725.82994477
-7725.79083291
-7725.80371268
-7725.76099889
-7725.83868092
-7725.81234768
-7725.86325610
-7725.86658708
-7725.87568506
-7725.84672566
-7726.75048643
-7726.78457439
-7726.78192616
-7726.73984180
-7726.73730797
-7726.69424814
-7726.72075864
-7726.21482200
-7726.71619803
-7726.22874931
-7726.13186080
-7726.14892236
-7726.25529704
-7726.24810749
-7726.30491369
-7726.30755227
-7726.21684679
-7726.23358572
-7726.25618473
-7726.26866712
-7726.27332798
-7726.31087218
-7726.22224996
-7726.77191229
-7726.71088932
-7726.17205961
-7726.35904456
-7726.28287743
-7726.31146838
-7726.24960587
-7726.33089189
-7726.75883814
-7726.68700101
-7726.21765316
-7726.21334216
-7726.71788297
-7726.70742904
-7726.14065275
-7726.25455833
-7726.29419349
-7726.23393343
-7726.19965804
-7726.26145197
-7726.23053744
-7726.24973937
-7726.28760966
-7726.26249487
-7726.24665688
-7726.27442139
-7726.13661124
-7726.23761793
-7726.25667724
-7726.27955715
-7726.30251484
-7726.28200847
-7726.11347360
-7726.24835865
-7726.21309919
-7726.21221521
-7726.31643919
-7726.26451587
-7726.10932319
-7726.22000030
-7726.17678422
-7726.24131782
-7726.30548516
-7726.20334869
-7725.59800393
-7725.61410759
-7725.74069849
-7725.71404103
-7725.73142857
-7725.61082414
-7726.13630641
-7726.29716563
-7726.28127690
-7726.22319940
-7726.32718334
-7726.25152636
-7726.12641730
-7726.25474497
-7726.18883671
-7726.21562727
-7726.26188348
-7726.18278678
-7725.65844480
-7725.63276615
-7725.63568687
-7725.66320525
-7725.60474001
-7725.63082833
-7725.41582378
-7725.64175794
-7725.56390023
-7725.63017997
-7725.70179549
-7725.75864439
-7725.71624781
-7725.81989084
-7725.72521722
-7725.54999766
-7725.71934664
-7725.76931165
-7725.79448061
-7725.77793965
-7725.70310813
-7725.69387435
-7725.75436590
-7725.74169233
-7725.72116413
-7725.70867958
-7725.54174620
-7725.79629866
-7725.64000967
-7725.77458396
-7725.80836431
-7725.75146246
-7725.65127672
-7725.71825763
-7725.78394055
-7725.77228428
-7725.52986362
-7725.76206502
-7725.81456820
-7725.80474190
-7725.81427807
-7725.72439433
-7725.63285550
-7725.78275135
-7725.83674608
-7725.77401895
-7725.63336561
-7725.76374448
-7725.76327805
-7725.73568873
-7725.58007450
-7725.71807041
-7725.75950028
-7725.77359354
-7725.68606957
-7725.72848032
-7725.73732834
-7725.70384783
-7725.70945030
-7725.71178763
-7725.74699740
-7725.70262766
-7725.79172628
-7725.77129716
-7725.81538923
-7725.77317198
-7725.26262274
-7725.20605272
-7725.20412740
-7725.17048628
-7725.03909648
-7725.02525370
-7725.23395960
-7725.16431257
-7725.28501158
-7725.19356327
-7725.15262773
-7725.03723024
-7725.26288474
-7725.19955822
-7725.02890998
-7725.09635725
-7724.91407713
-7725.18702561
-7725.22399280
