2853 3.99116874 0.962595403 3.30191731 2.48016119E-02 -7724.91406
2777 3.98946643 1.21582973 3.10313702 7.91256726E-02 -7725.41602
1994 3.96929932 1.30228770 3.04802442 0.00000000 -7725.67969
965 3.94573593 1.29810321 3.01677918 3.18844281E-02 -7725.75830
307 3.93123698 1.26200891 3.03528023 1.01487348E-02 -7726.55371
260 3.87579727 1.22787499 3.00082850 1.92855634E-02 -7726.74463
300 3.87021708 1.16717076 3.03933024 1.59272533E-02 -7726.56543
2661 3.86060715 1.10389626 3.05115986 8.67987722E-02 -7725.68311
1287 3.84523368 1.06143808 3.08063340 4.09108587E-02 -7725.77344
292 3.82218838 1.11296773 3.03283191 6.62336918E-03 -7726.82568
1929 3.80025983 1.04898274 3.03695488 6.38958514E-02 -7725.87158
2421 3.70061994 0.918807805 3.04968095 3.52104614E-03 -7725.65479
2779 3.67876697 0.808029175 3.08806300 5.78154698E-02 -7725.56396
304 3.65957808 0.823895872 3.06115842 4.67833579E-02 -7726.72852
2662 3.65581441 0.789672017 3.06402659 0.104992956 -7725.58252
2425 3.63994288 0.873981953 3.01141357 3.05712428E-02 -7725.75977
314 3.61904025 0.759005845 3.06488347 5.20609505E-02 -7726.44775
960 3.54116726 0.624433637 3.08740234 3.61328125E-02 -7725.91650
1910 3.53178906 0.627684355 3.07557678 3.65917869E-02 -7725.85498
1919 3.51051354 0.594295025 3.07864022 3.44160348E-02 -7725.99170
615 3.50628638 0.582658470 3.08056355 4.09807339E-02 -7725.99561
601 3.50526261 0.582873642 3.08295918 2.98611037E-02 -7726.09180
277 3.50246072 0.620341659 3.03986239 7.44688958E-02 -7726.10059
1575 3.50233865 0.589581788 3.07159233 4.13398631E-02 -7726.17188
958 3.49722266 0.620691299 3.05716062 3.23889148E-03 -7725.95166
1017 3.49051356 0.557898462 3.08283925 3.93422581E-02 -7725.92725
1640 3.47965336 0.604537964 3.05135536 1.95312500E-03 -7725.86182
1581 3.47931361 0.612769425 3.04480171 3.52104614E-03 -7726.03516
2507 3.47130203 0.638409019 3.01007581 2.87049580E-02 -7725.91895
271 3.44494414 0.595337212 3.01208782 3.51698101E-02 -7726.05469
