2855
     1      4    1    2    3
     2     12    1    2    4
     3     12    1    2    5
     4     12    1    2    6
     5     12    1    2    7
     6     12    1    2    8
     7     12    1    2    9
     8     12    1    2   10
     9     12    1    2   11
    10     12    1    2   12
    11     12    1    2   13
    12     12    1    2   14
    13     12    1    2   15
    14     12    1    2   16
    15     12    1    2   17
    16     12    1    2   18
    17     12    1    2   19
    18     12    1    2   20
    19     12    1    2   21
    20     12    1    2   22
    21     12    1    2   23
    22     12    1    2   24
    23     12    1    2   25
    24     12    1    2   26
    25     12    1    2   27
    26     12    1    2   28
    27     12    1    2   29
    28     12    1    2   30
    29     12    1    2   31
    30     12    1    2   32
    31     12    1    2   33
    32     12    1    2   34
    33     12    1    2   35
    34     12    1    2   36
    35     12    1    2   37
    36     12    1    2   38
    37     12    1    2   39
    38     12    1    2   40
    39     12    1    2   41
    40     12    1    2   42
    41     12    1    2   43
    42     12    1    2   44
    43     12    1    2   45
    44     12    1    2   46
    45     12    1    2   47
    46     12    1    2   48
    47     12    1    2   49
    48     12    1    2   50
    49     12    1    2   51
    50     12    1    2   52
    51     12    1    2   53
    52     12    1    2   54
    53     12    1    2   55
    54     12    1    2   56
    55     12    1    2   57
    56     12    1    2   58
    57     12    1    2   59
    58     12    1    2   60
    59     12    1    4    7
    60     12    1    4    8
    61     12    1    4    9
    62     12    1    4   13
    63     12    1    4   14
    64     12    1    4   15
    65     12    1    4   19
    66     12    1    4   20
    67     12    1    4   21
    68     12    1    4   25
    69     12    1    4   26
    70     12    1    4   27
    71     12    1    4   31
    72     12    1    4   32
    73     12    1    4   33
    74     12    1    4   37
    75     12    1    4   38
    76     12    1    4   39
    77     12    1    4   43
    78     12    1    4   44
    79     12    1    4   45
    80     12    1    4   49
    81     12    1    4   50
    82     12    1    4   51
    83     12    1    4   55
    84     12    1    4   56
    85     12    1    4   57
    86     12    1    5    7
    87     12    1    5    8
    88     12    1    5    9
    89     12    1    5   10
    90     12    1    5   11
    91     12    1    5   12
    92     12    1    5   13
    93     12    1    5   14
    94     12    1    5   15
    95     12    1    5   16
    96     12    1    5   17
    97     12    1    5   18
    98     12    1    5   19
    99     12    1    5   20
   100     12    1    5   21
   101     12    1    5   22
   102     12    1    5   23
   103     12    1    5   24
   104     12    1    5   25
   105     12    1    5   26
   106     12    1    5   27
   107     12    1    5   28
   108     12    1    5   29
   109     12    1    5   30
   110     12    1    5   31
   111     12    1    5   32
   112     12    1    5   33
   113     12    1    5   34
   114     12    1    5   35
   115     12    1    5   36
   116     12    1    5   37
   117     12    1    5   38
   118     12    1    5   39
   119     12    1    5   40
   120     12    1    5   41
   121     12    1    5   42
   122     12    1    5   43
   123     12    1    5   44
   124     12    1    5   45
   125     12    1    5   46
   126     12    1    5   47
   127     12    1    5   48
   128     12    1    5   49
   129     12    1    5   50
   130     12    1    5   51
   131     12    1    5   52
   132     12    1    5   53
   133     12    1    5   54
   134     12    1    5   55
   135     12    1    5   56
   136     12    1    5   57
   137     12    1    5   58
   138     12    1    5   59
   139     12    1    5   60
   140     12    1    7   13
   141     12    1    7   14
   142     12    1    7   15
   143     12    1    7   16
   144     12    1    7   17
   145     12    1    7   18
   146     12    1    7   25
   147     12    1    7   26
   148     12    1    7   27
   149     12    1    7   28
   150     12    1    7   29
   151     12    1    7   30
   152     12    1    7   37
   153     12    1    7   38
   154     12    1    7   39
   155     12    1    7   40
   156     12    1    7   41
   157     12    1    7   42
   158     12    1    7   49
   159     12    1    7   50
   160     12    1    7   51
   161     12    1    7   52
   162     12    1    7   53
   163     12    1    7   54
   164     12    1    8   13
   165     12    1    8   14
   166     12    1    8   15
   167     12    1    8   16
   168     12    1    8   17
   169     12    1    8   18
   170     12    1    8   25
   171     12    1    8   26
   172     12    1    8   27
   173     12    1    8   28
   174     12    1    8   29
   175     12    1    8   30
   176     12    1    8   37
   177     12    1    8   38
   178     12    1    8   39
   179     12    1    8   40
   180     12    1    8   41
   181     12    1    8   42
   182     12    1    8   49
   183     12    1    8   50
   184     12    1    8   51
   185     12    1    8   52
   186     12    1    8   53
   187     12    1    8   54
   188     12    1    9   13
   189     12    1    9   14
   190     12    1    9   15
   191     12    1    9   16
   192     12    1    9   17
   193     12    1    9   18
   194     12    1    9   25
   195     12    1    9   26
   196     12    1    9   27
   197     12    1    9   28
   198     12    1    9   29
   199     12    1    9   30
   200     12    1    9   37
   201     12    1    9   38
   202     12    1    9   39
   203     12    1    9   40
   204     12    1    9   41
   205     12    1    9   42
   206     12    1    9   49
   207     12    1    9   50
   208     12    1    9   51
   209     12    1    9   52
   210     12    1    9   53
   211     12    1    9   54
   212     12    1   10   13
   213     12    1   10   14
   214     12    1   10   15
   215     12    1   10   16
   216     12    1   10   17
   217     12    1   10   18
   218     12    1   10   25
   219     12    1   10   26
   220     12    1   10   27
   221     12    1   10   28
   222     12    1   10   29
   223     12    1   10   30
   224     12    1   10   37
   225     12    1   10   38
   226     12    1   10   39
   227     12    1   10   40
   228     12    1   10   41
   229     12    1   10   42
   230     12    1   10   49
   231     12    1   10   50
   232     12    1   10   51
   233     12    1   10   52
   234     12    1   10   53
   235     12    1   10   54
   236     12    1   11   13
   237     12    1   11   14
   238     12    1   11   15
   239     12    1   11   16
   240     12    1   11   17
   241     12    1   11   18
   242     12    1   11   25
   243     12    1   11   26
   244     12    1   11   27
   245     12    1   11   28
   246     12    1   11   29
   247     12    1   11   30
   248     12    1   11   37
   249     12    1   11   38
   250     12    1   11   39
   251     12    1   11   40
   252     12    1   11   41
   253     12    1   11   42
   254     12    1   11   49
   255     12    1   11   50
   256     12    1   11   51
   257     12    1   11   52
   258     12    1   11   53
   259     12    1   11   54
   260     12    1   12   13
   261     12    1   12   14
   262     12    1   12   15
   263     12    1   12   16
   264     12    1   12   17
   265     12    1   12   18
   266     12    1   12   25
   267     12    1   12   26
   268     12    1   12   27
   269     12    1   12   28
   270     12    1   12   29
   271     12    1   12   30
   272     12    1   12   37
   273     12    1   12   38
   274     12    1   12   39
   275     12    1   12   40
   276     12    1   12   41
   277     12    1   12   42
   278     12    1   12   49
   279     12    1   12   50
   280     12    1   12   51
   281     12    1   12   52
   282     12    1   12   53
   283     12    1   12   54
   284     12    1   13   14
   285     12    1   13   15
   286     12    1   13   16
   287     12    1   13   17
   288     12    1   13   18
   289     12    1   13   19
   290     12    1   13   20
   291     12    1   13   21
   292     12    1   13   22
   293     12    1   13   23
   294     12    1   13   24
   295     12    1   13   25
   296     12    1   13   26
   297     12    1   13   27
   298     12    1   13   28
   299     12    1   13   29
   300     12    1   13   30
   301     12    1   13   31
   302     12    1   13   32
   303     12    1   13   33
   304     12    1   13   34
   305     12    1   13   35
   306     12    1   13   36
   307     12    1   13   37
   308     12    1   13   38
   309     12    1   13   39
   310     12    1   13   40
   311     12    1   13   41
   312     12    1   13   42
   313     12    1   13   43
   314     12    1   13   44
   315     12    1   13   45
   316     12    1   13   46
   317     12    1   13   47
   318     12    1   13   48
   319     12    1   13   49
   320     12    1   13   50
   321     12    1   13   51
   322     12    1   13   52
   323     12    1   13   53
   324     12    1   13   54
   325     12    1   13   55
   326     12    1   13   56
   327     12    1   13   57
   328     12    1   13   58
   329     12    1   13   59
   330     12    1   13   60
   331     12    1   14   15
   332     12    1   14   16
   333     12    1   14   17
   334     12    1   14   18
   335     12    1   14   19
   336     12    1   14   20
   337     12    1   14   21
   338     12    1   14   22
   339     12    1   14   23
   340     12    1   14   24
   341     12    1   14   25
   342     12    1   14   26
   343     12    1   14   27
   344     12    1   14   28
   345     12    1   14   29
   346     12    1   14   30
   347     12    1   14   31
   348     12    1   14   32
   349     12    1   14   33
   350     12    1   14   34
   351     12    1   14   35
   352     12    1   14   36
   353     12    1   14   37
   354     12    1   14   38
   355     12    1   14   39
   356     12    1   14   40
   357     12    1   14   41
   358     12    1   14   42
   359     12    1   14   43
   360     12    1   14   44
   361     12    1   14   45
   362     12    1   14   46
   363     12    1   14   47
   364     12    1   14   48
   365     12    1   14   49
   366     12    1   14   50
   367     12    1   14   51
   368     12    1   14   52
   369     12    1   14   53
   370     12    1   14   54
   371     12    1   14   55
   372     12    1   14   56
   373     12    1   14   57
   374     12    1   14   58
   375     12    1   14   59
   376     12    1   14   60
   377     12    1   15   16
   378     12    1   15   17
   379     12    1   15   18
   380     12    1   15   19
   381     12    1   15   20
   382     12    1   15   21
   383     12    1   15   22
   384     12    1   15   23
   385     12    1   15   24
   386     12    1   15   25
   387     12    1   15   26
   388     12    1   15   27
   389     12    1   15   28
   390     12    1   15   29
   391     12    1   15   30
   392     12    1   15   31
   393     12    1   15   32
   394     12    1   15   33
   395     12    1   15   34
   396     12    1   15   35
   397     12    1   15   36
   398     12    1   15   37
   399     12    1   15   38
   400     12    1   15   39
   401     12    1   15   40
   402     12    1   15   41
   403     12    1   15   42
   404     12    1   15   43
   405     12    1   15   44
   406     12    1   15   45
   407     12    1   15   46
   408     12    1   15   47
   409     12    1   15   48
   410     12    1   15   49
   411     12    1   15   50
   412     12    1   15   51
   413     12    1   15   52
   414     12    1   15   53
   415     12    1   15   54
   416     12    1   15   55
   417     12    1   15   56
   418     12    1   15   57
   419     12    1   15   58
   420     12    1   15   59
   421     12    1   15   60
   422     12    1   16   17
   423     12    1   16   18
   424     12    1   16   19
   425     12    1   16   20
   426     12    1   16   21
   427     12    1   16   22
   428     12    1   16   23
   429     12    1   16   24
   430     12    1   16   25
   431     12    1   16   26
   432     12    1   16   27
   433     12    1   16   28
   434     12    1   16   29
   435     12    1   16   30
   436     12    1   16   31
   437     12    1   16   32
   438     12    1   16   33
   439     12    1   16   34
   440     12    1   16   35
   441     12    1   16   36
   442     12    1   16   37
   443     12    1   16   38
   444     12    1   16   39
   445     12    1   16   40
   446     12    1   16   41
   447     12    1   16   42
   448     12    1   16   43
   449     12    1   16   44
   450     12    1   16   45
   451     12    1   16   46
   452     12    1   16   47
   453     12    1   16   48
   454     12    1   16   49
   455     12    1   16   50
   456     12    1   16   51
   457     12    1   16   52
   458     12    1   16   53
   459     12    1   16   54
   460     12    1   16   55
   461     12    1   16   56
   462     12    1   16   57
   463     12    1   16   58
   464     12    1   16   59
   465     12    1   16   60
   466     12    1   17   18
   467     12    1   17   19
   468     12    1   17   20
   469     12    1   17   21
   470     12    1   17   22
   471     12    1   17   23
   472     12    1   17   24
   473     12    1   17   25
   474     12    1   17   26
   475     12    1   17   27
   476     12    1   17   28
   477     12    1   17   29
   478     12    1   17   30
   479     12    1   17   31
   480     12    1   17   32
   481     12    1   17   33
   482     12    1   17   34
   483     12    1   17   35
   484     12    1   17   36
   485     12    1   17   37
   486     12    1   17   38
   487     12    1   17   39
   488     12    1   17   40
   489     12    1   17   41
   490     12    1   17   42
   491     12    1   17   43
   492     12    1   17   44
   493     12    1   17   45
   494     12    1   17   46
   495     12    1   17   47
   496     12    1   17   48
   497     12    1   17   49
   498     12    1   17   50
   499     12    1   17   51
   500     12    1   17   52
   501     12    1   17   53
   502     12    1   17   54
   503     12    1   17   55
   504     12    1   17   56
   505     12    1   17   57
   506     12    1   17   58
   507     12    1   17   59
   508     12    1   17   60
   509     12    1   18   19
   510     12    1   18   20
   511     12    1   18   21
   512     12    1   18   22
   513     12    1   18   23
   514     12    1   18   24
   515     12    1   18   25
   516     12    1   18   26
   517     12    1   18   27
   518     12    1   18   28
   519     12    1   18   29
   520     12    1   18   30
   521     12    1   18   31
   522     12    1   18   32
   523     12    1   18   33
   524     12    1   18   34
   525     12    1   18   35
   526     12    1   18   36
   527     12    1   18   37
   528     12    1   18   38
   529     12    1   18   39
   530     12    1   18   40
   531     12    1   18   41
   532     12    1   18   42
   533     12    1   18   43
   534     12    1   18   44
   535     12    1   18   45
   536     12    1   18   46
   537     12    1   18   47
   538     12    1   18   48
   539     12    1   18   49
   540     12    1   18   50
   541     12    1   18   51
   542     12    1   18   52
   543     12    1   18   53
   544     12    1   18   54
   545     12    1   18   55
   546     12    1   18   56
   547     12    1   18   57
   548     12    1   18   58
   549     12    1   18   59
   550     12    1   18   60
   551     12    1   19   20
   552     12    1   19   21
   553     12    1   19   22
   554     12    1   19   23
   555     12    1   19   24
   556     12    1   19   25
   557     12    1   19   26
   558     12    1   19   27
   559     12    1   19   28
   560     12    1   19   29
   561     12    1   19   30
   562     12    1   19   31
   563     12    1   19   32
   564     12    1   19   33
   565     12    1   19   34
   566     12    1   19   35
   567     12    1   19   36
   568     12    1   19   37
   569     12    1   19   38
   570     12    1   19   39
   571     12    1   19   40
   572     12    1   19   41
   573     12    1   19   42
   574     12    1   19   43
   575     12    1   19   44
   576     12    1   19   45
   577     12    1   19   46
   578     12    1   19   47
   579     12    1   19   48
   580     12    1   19   49
   581     12    1   19   50
   582     12    1   19   51
   583     12    1   19   52
   584     12    1   19   53
   585     12    1   19   54
   586     12    1   19   55
   587     12    1   19   56
   588     12    1   19   57
   589     12    1   19   58
   590     12    1   19   59
   591     12    1   19   60
   592     12    1   20   21
   593     12    1   20   22
   594     12    1   20   23
   595     12    1   20   24
   596     12    1   20   25
   597     12    1   20   26
   598     12    1   20   27
   599     12    1   20   28
   600     12    1   20   29
   601     12    1   20   30
   602     12    1   20   31
   603     12    1   20   32
   604     12    1   20   33
   605     12    1   20   34
   606     12    1   20   35
   607     12    1   20   36
   608     12    1   20   37
   609     12    1   20   38
   610     12    1   20   39
   611     12    1   20   40
   612     12    1   20   41
   613     12    1   20   42
   614     12    1   20   43
   615     12    1   20   44
   616     12    1   20   45
   617     12    1   20   46
   618     12    1   20   47
   619     12    1   20   48
   620     12    1   20   49
   621     12    1   20   50
   622     12    1   20   51
   623     12    1   20   52
   624     12    1   20   53
   625     12    1   20   54
   626     12    1   20   55
   627     12    1   20   56
   628     12    1   20   57
   629     12    1   20   58
   630     12    1   20   59
   631     12    1   20   60
   632     12    1   21   22
   633     12    1   21   23
   634     12    1   21   24
   635     12    1   21   25
   636     12    1   21   26
   637     12    1   21   27
   638     12    1   21   28
   639     12    1   21   29
   640     12    1   21   30
   641     12    1   21   31
   642     12    1   21   32
   643     12    1   21   33
   644     12    1   21   34
   645     12    1   21   35
   646     12    1   21   36
   647     12    1   21   37
   648     12    1   21   38
   649     12    1   21   39
   650     12    1   21   40
   651     12    1   21   41
   652     12    1   21   42
   653     12    1   21   43
   654     12    1   21   44
   655     12    1   21   45
   656     12    1   21   46
   657     12    1   21   47
   658     12    1   21   48
   659     12    1   21   49
   660     12    1   21   50
   661     12    1   21   51
   662     12    1   21   52
   663     12    1   21   53
   664     12    1   21   54
   665     12    1   21   55
   666     12    1   21   56
   667     12    1   21   57
   668     12    1   21   58
   669     12    1   21   59
   670     12    1   21   60
   671     12    1   22   23
   672     12    1   22   24
   673     12    1   22   25
   674     12    1   22   26
   675     12    1   22   27
   676     12    1   22   28
   677     12    1   22   29
   678     12    1   22   30
   679     12    1   22   31
   680     12    1   22   32
   681     12    1   22   33
   682     12    1   22   34
   683     12    1   22   35
   684     12    1   22   36
   685     12    1   22   37
   686     12    1   22   38
   687     12    1   22   39
   688     12    1   22   40
   689     12    1   22   41
   690     12    1   22   42
   691     12    1   22   43
   692     12    1   22   44
   693     12    1   22   45
   694     12    1   22   46
   695     12    1   22   47
   696     12    1   22   48
   697     12    1   22   49
   698     12    1   22   50
   699     12    1   22   51
   700     12    1   22   52
   701     12    1   22   53
   702     12    1   22   54
   703     12    1   22   55
   704     12    1   22   56
   705     12    1   22   57
   706     12    1   22   58
   707     12    1   22   59
   708     12    1   22   60
   709     12    1   23   24
   710     12    1   23   25
   711     12    1   23   26
   712     12    1   23   27
   713     12    1   23   28
   714     12    1   23   29
   715     12    1   23   30
   716     12    1   23   31
   717     12    1   23   32
   718     12    1   23   33
   719     12    1   23   34
   720     12    1   23   35
   721     12    1   23   36
   722     12    1   23   37
   723     12    1   23   38
   724     12    1   23   39
   725     12    1   23   40
   726     12    1   23   41
   727     12    1   23   42
   728     12    1   23   43
   729     12    1   23   44
   730     12    1   23   45
   731     12    1   23   46
   732     12    1   23   47
   733     12    1   23   48
   734     12    1   23   49
   735     12    1   23   50
   736     12    1   23   51
   737     12    1   23   52
   738     12    1   23   53
   739     12    1   23   54
   740     12    1   23   55
   741     12    1   23   56
   742     12    1   23   57
   743     12    1   23   58
   744     12    1   23   59
   745     12    1   23   60
   746     12    1   24   25
   747     12    1   24   26
   748     12    1   24   27
   749     12    1   24   28
   750     12    1   24   29
   751     12    1   24   30
   752     12    1   24   31
   753     12    1   24   32
   754     12    1   24   33
   755     12    1   24   34
   756     12    1   24   35
   757     12    1   24   36
   758     12    1   24   37
   759     12    1   24   38
   760     12    1   24   39
   761     12    1   24   40
   762     12    1   24   41
   763     12    1   24   42
   764     12    1   24   43
   765     12    1   24   44
   766     12    1   24   45
   767     12    1   24   46
   768     12    1   24   47
   769     12    1   24   48
   770     12    1   24   49
   771     12    1   24   50
   772     12    1   24   51
   773     12    1   24   52
   774     12    1   24   53
   775     12    1   24   54
   776     12    1   24   55
   777     12    1   24   56
   778     12    1   24   57
   779     12    1   24   58
   780     12    1   24   59
   781     12    1   24   60
   782     12    1   25   26
   783     12    1   25   27
   784     12    1   25   28
   785     12    1   25   29
   786     12    1   25   30
   787     12    1   25   31
   788     12    1   25   32
   789     12    1   25   33
   790     12    1   25   34
   791     12    1   25   35
   792     12    1   25   36
   793     12    1   25   37
   794     12    1   25   38
   795     12    1   25   39
   796     12    1   25   40
   797     12    1   25   41
   798     12    1   25   42
   799     12    1   25   43
   800     12    1   25   44
   801     12    1   25   45
   802     12    1   25   46
   803     12    1   25   47
   804     12    1   25   48
   805     12    1   25   49
   806     12    1   25   50
   807     12    1   25   51
   808     12    1   25   52
   809     12    1   25   53
   810     12    1   25   54
   811     12    1   25   55
   812     12    1   25   56
   813     12    1   25   57
   814     12    1   25   58
   815     12    1   25   59
   816     12    1   25   60
   817     12    1   26   27
   818     12    1   26   28
   819     12    1   26   29
   820     12    1   26   30
   821     12    1   26   31
   822     12    1   26   32
   823     12    1   26   33
   824     12    1   26   34
   825     12    1   26   35
   826     12    1   26   36
   827     12    1   26   37
   828     12    1   26   38
   829     12    1   26   39
   830     12    1   26   40
   831     12    1   26   41
   832     12    1   26   42
   833     12    1   26   43
   834     12    1   26   44
   835     12    1   26   45
   836     12    1   26   46
   837     12    1   26   47
   838     12    1   26   48
   839     12    1   26   49
   840     12    1   26   50
   841     12    1   26   51
   842     12    1   26   52
   843     12    1   26   53
   844     12    1   26   54
   845     12    1   26   55
   846     12    1   26   56
   847     12    1   26   57
   848     12    1   26   58
   849     12    1   26   59
   850     12    1   26   60
   851     12    1   27   28
   852     12    1   27   29
   853     12    1   27   30
   854     12    1   27   31
   855     12    1   27   32
   856     12    1   27   33
   857     12    1   27   34
   858     12    1   27   35
   859     12    1   27   36
   860     12    1   27   37
   861     12    1   27   38
   862     12    1   27   39
   863     12    1   27   40
   864     12    1   27   41
   865     12    1   27   42
   866     12    1   27   43
   867     12    1   27   44
   868     12    1   27   45
   869     12    1   27   46
   870     12    1   27   47
   871     12    1   27   48
   872     12    1   27   49
   873     12    1   27   50
   874     12    1   27   51
   875     12    1   27   52
   876     12    1   27   53
   877     12    1   27   54
   878     12    1   27   55
   879     12    1   27   56
   880     12    1   27   57
   881     12    1   27   58
   882     12    1   27   59
   883     12    1   27   60
   884     12    1   28   29
   885     12    1   28   30
   886     12    1   28   31
   887     12    1   28   32
   888     12    1   28   33
   889     12    1   28   34
   890     12    1   28   35
   891     12    1   28   36
   892     12    1   28   37
   893     12    1   28   38
   894     12    1   28   39
   895     12    1   28   40
   896     12    1   28   41
   897     12    1   28   42
   898     12    1   28   43
   899     12    1   28   44
   900     12    1   28   45
   901     12    1   28   46
   902     12    1   28   47
   903     12    1   28   48
   904     12    1   28   49
   905     12    1   28   50
   906     12    1   28   51
   907     12    1   28   52
   908     12    1   28   53
   909     12    1   28   54
   910     12    1   28   55
   911     12    1   28   56
   912     12    1   28   57
   913     12    1   28   58
   914     12    1   28   59
   915     12    1   28   60
   916     12    1   29   30
   917     12    1   29   31
   918     12    1   29   32
   919     12    1   29   33
   920     12    1   29   34
   921     12    1   29   35
   922     12    1   29   36
   923     12    1   29   37
   924     12    1   29   38
   925     12    1   29   39
   926     12    1   29   40
   927     12    1   29   41
   928     12    1   29   42
   929     12    1   29   43
   930     12    1   29   44
   931     12    1   29   45
   932     12    1   29   46
   933     12    1   29   47
   934     12    1   29   48
   935     12    1   29   49
   936     12    1   29   50
   937     12    1   29   51
   938     12    1   29   52
   939     12    1   29   53
   940     12    1   29   54
   941     12    1   29   55
   942     12    1   29   56
   943     12    1   29   57
   944     12    1   29   58
   945     12    1   29   59
   946     12    1   29   60
   947     12    1   30   31
   948     12    1   30   32
   949     12    1   30   33
   950     12    1   30   34
   951     12    1   30   35
   952     12    1   30   36
   953     12    1   30   37
   954     12    1   30   38
   955     12    1   30   39
   956     12    1   30   40
   957     12    1   30   41
   958     12    1   30   42
   959     12    1   30   43
   960     12    1   30   44
   961     12    1   30   45
   962     12    1   30   46
   963     12    1   30   47
   964     12    1   30   48
   965     12    1   30   49
   966     12    1   30   50
   967     12    1   30   51
   968     12    1   30   52
   969     12    1   30   53
   970     12    1   30   54
   971     12    1   30   55
   972     12    1   30   56
   973     12    1   30   57
   974     12    1   30   58
   975     12    1   30   59
   976     12    1   30   60
   977     12    1   31   32
   978     12    1   31   33
   979     12    1   31   34
   980     12    1   31   35
   981     12    1   31   36
   982     12    1   31   37
   983     12    1   31   38
   984     12    1   31   39
   985     12    1   31   40
   986     12    1   31   41
   987     12    1   31   42
   988     12    1   31   43
   989     12    1   31   44
   990     12    1   31   45
   991     12    1   31   46
   992     12    1   31   47
   993     12    1   31   48
   994     12    1   31   49
   995     12    1   31   50
   996     12    1   31   51
   997     12    1   31   52
   998     12    1   31   53
   999     12    1   31   54
  1000     12    1   31   55
  1001     12    1   31   56
  1002     12    1   31   57
  1003     12    1   31   58
  1004     12    1   31   59
  1005     12    1   31   60
  1006     12    1   32   33
  1007     12    1   32   34
  1008     12    1   32   35
  1009     12    1   32   36
  1010     12    1   32   37
  1011     12    1   32   38
  1012     12    1   32   39
  1013     12    1   32   40
  1014     12    1   32   41
  1015     12    1   32   42
  1016     12    1   32   43
  1017     12    1   32   44
  1018     12    1   32   45
  1019     12    1   32   46
  1020     12    1   32   47
  1021     12    1   32   48
  1022     12    1   32   49
  1023     12    1   32   50
  1024     12    1   32   51
  1025     12    1   32   52
  1026     12    1   32   53
  1027     12    1   32   54
  1028     12    1   32   55
  1029     12    1   32   56
  1030     12    1   32   57
  1031     12    1   32   58
  1032     12    1   32   59
  1033     12    1   32   60
  1034     12    1   33   34
  1035     12    1   33   35
  1036     12    1   33   36
  1037     12    1   33   37
  1038     12    1   33   38
  1039     12    1   33   39
  1040     12    1   33   40
  1041     12    1   33   41
  1042     12    1   33   42
  1043     12    1   33   43
  1044     12    1   33   44
  1045     12    1   33   45
  1046     12    1   33   46
  1047     12    1   33   47
  1048     12    1   33   48
  1049     12    1   33   49
  1050     12    1   33   50
  1051     12    1   33   51
  1052     12    1   33   52
  1053     12    1   33   53
  1054     12    1   33   54
  1055     12    1   33   55
  1056     12    1   33   56
  1057     12    1   33   57
  1058     12    1   33   58
  1059     12    1   33   59
  1060     12    1   33   60
  1061     12    1   34   35
  1062     12    1   34   36
  1063     12    1   34   37
  1064     12    1   34   38
  1065     12    1   34   39
  1066     12    1   34   40
  1067     12    1   34   41
  1068     12    1   34   42
  1069     12    1   34   43
  1070     12    1   34   44
  1071     12    1   34   45
  1072     12    1   34   46
  1073     12    1   34   47
  1074     12    1   34   48
  1075     12    1   34   49
  1076     12    1   34   50
  1077     12    1   34   51
  1078     12    1   34   52
  1079     12    1   34   53
  1080     12    1   34   54
  1081     12    1   34   55
  1082     12    1   34   56
  1083     12    1   34   57
  1084     12    1   34   58
  1085     12    1   34   59
  1086     12    1   34   60
  1087     12    1   35   36
  1088     12    1   35   37
  1089     12    1   35   38
  1090     12    1   35   39
  1091     12    1   35   40
  1092     12    1   35   41
  1093     12    1   35   42
  1094     12    1   35   43
  1095     12    1   35   44
  1096     12    1   35   45
  1097     12    1   35   46
  1098     12    1   35   47
  1099     12    1   35   48
  1100     12    1   35   49
  1101     12    1   35   50
  1102     12    1   35   51
  1103     12    1   35   52
  1104     12    1   35   53
  1105     12    1   35   54
  1106     12    1   35   55
  1107     12    1   35   56
  1108     12    1   35   57
  1109     12    1   35   58
  1110     12    1   35   59
  1111     12    1   35   60
  1112     12    1   36   37
  1113     12    1   36   38
  1114     12    1   36   39
  1115     12    1   36   40
  1116     12    1   36   41
  1117     12    1   36   42
  1118     12    1   36   43
  1119     12    1   36   44
  1120     12    1   36   45
  1121     12    1   36   46
  1122     12    1   36   47
  1123     12    1   36   48
  1124     12    1   36   49
  1125     12    1   36   50
  1126     12    1   36   51
  1127     12    1   36   52
  1128     12    1   36   53
  1129     12    1   36   54
  1130     12    1   36   55
  1131     12    1   36   56
  1132     12    1   36   57
  1133     12    1   36   58
  1134     12    1   36   59
  1135     12    1   36   60
  1136     12    1   37   38
  1137     12    1   37   39
  1138     12    1   37   40
  1139     12    1   37   41
  1140     12    1   37   42
  1141     12    1   37   43
  1142     12    1   37   44
  1143     12    1   37   45
  1144     12    1   37   46
  1145     12    1   37   47
  1146     12    1   37   48
  1147     12    1   37   49
  1148     12    1   37   50
  1149     12    1   37   51
  1150     12    1   37   52
  1151     12    1   37   53
  1152     12    1   37   54
  1153     12    1   37   55
  1154     12    1   37   56
  1155     12    1   37   57
  1156     12    1   37   58
  1157     12    1   37   59
  1158     12    1   37   60
  1159     12    1   38   39
  1160     12    1   38   40
  1161     12    1   38   41
  1162     12    1   38   42
  1163     12    1   38   43
  1164     12    1   38   44
  1165     12    1   38   45
  1166     12    1   38   46
  1167     12    1   38   47
  1168     12    1   38   48
  1169     12    1   38   49
  1170     12    1   38   50
  1171     12    1   38   51
  1172     12    1   38   52
  1173     12    1   38   53
  1174     12    1   38   54
  1175     12    1   38   55
  1176     12    1   38   56
  1177     12    1   38   57
  1178     12    1   38   58
  1179     12    1   38   59
  1180     12    1   38   60
  1181     12    1   39   40
  1182     12    1   39   41
  1183     12    1   39   42
  1184     12    1   39   43
  1185     12    1   39   44
  1186     12    1   39   45
  1187     12    1   39   46
  1188     12    1   39   47
  1189     12    1   39   48
  1190     12    1   39   49
  1191     12    1   39   50
  1192     12    1   39   51
  1193     12    1   39   52
  1194     12    1   39   53
  1195     12    1   39   54
  1196     12    1   39   55
  1197     12    1   39   56
  1198     12    1   39   57
  1199     12    1   39   58
  1200     12    1   39   59
  1201     12    1   39   60
  1202     12    1   40   41
  1203     12    1   40   42
  1204     12    1   40   43
  1205     12    1   40   44
  1206     12    1   40   45
  1207     12    1   40   46
  1208     12    1   40   47
  1209     12    1   40   48
  1210     12    1   40   49
  1211     12    1   40   50
  1212     12    1   40   51
  1213     12    1   40   52
  1214     12    1   40   53
  1215     12    1   40   54
  1216     12    1   40   55
  1217     12    1   40   56
  1218     12    1   40   57
  1219     12    1   40   58
  1220     12    1   40   59
  1221     12    1   40   60
  1222     12    1   41   42
  1223     12    1   41   43
  1224     12    1   41   44
  1225     12    1   41   45
  1226     12    1   41   46
  1227     12    1   41   47
  1228     12    1   41   48
  1229     12    1   41   49
  1230     12    1   41   50
  1231     12    1   41   51
  1232     12    1   41   52
  1233     12    1   41   53
  1234     12    1   41   54
  1235     12    1   41   55
  1236     12    1   41   56
  1237     12    1   41   57
  1238     12    1   41   58
  1239     12    1   41   59
  1240     12    1   41   60
  1241     12    1   42   43
  1242     12    1   42   44
  1243     12    1   42   45
  1244     12    1   42   46
  1245     12    1   42   47
  1246     12    1   42   48
  1247     12    1   42   49
  1248     12    1   42   50
  1249     12    1   42   51
  1250     12    1   42   52
  1251     12    1   42   53
  1252     12    1   42   54
  1253     12    1   42   55
  1254     12    1   42   56
  1255     12    1   42   57
  1256     12    1   42   58
  1257     12    1   42   59
  1258     12    1   42   60
  1259     12    1   43   44
  1260     12    1   43   45
  1261     12    1   43   46
  1262     12    1   43   47
  1263     12    1   43   48
  1264     12    1   43   49
  1265     12    1   43   50
  1266     12    1   43   51
  1267     12    1   43   52
  1268     12    1   43   53
  1269     12    1   43   54
  1270     12    1   43   55
  1271     12    1   43   56
  1272     12    1   43   57
  1273     12    1   43   58
  1274     12    1   43   59
  1275     12    1   43   60
  1276     12    1   44   45
  1277     12    1   44   46
  1278     12    1   44   47
  1279     12    1   44   48
  1280     12    1   44   49
  1281     12    1   44   50
  1282     12    1   44   51
  1283     12    1   44   52
  1284     12    1   44   53
  1285     12    1   44   54
  1286     12    1   44   55
  1287     12    1   44   56
  1288     12    1   44   57
  1289     12    1   44   58
  1290     12    1   44   59
  1291     12    1   44   60
  1292     12    1   45   46
  1293     12    1   45   47
  1294     12    1   45   48
  1295     12    1   45   49
  1296     12    1   45   50
  1297     12    1   45   51
  1298     12    1   45   52
  1299     12    1   45   53
  1300     12    1   45   54
  1301     12    1   45   55
  1302     12    1   45   56
  1303     12    1   45   57
  1304     12    1   45   58
  1305     12    1   45   59
  1306     12    1   45   60
  1307     12    1   46   47
  1308     12    1   46   48
  1309     12    1   46   49
  1310     12    1   46   50
  1311     12    1   46   51
  1312     12    1   46   52
  1313     12    1   46   53
  1314     12    1   46   54
  1315     12    1   46   55
  1316     12    1   46   56
  1317     12    1   46   57
  1318     12    1   46   58
  1319     12    1   46   59
  1320     12    1   46   60
  1321     12    1   47   48
  1322     12    1   47   49
  1323     12    1   47   50
  1324     12    1   47   51
  1325     12    1   47   52
  1326     12    1   47   53
  1327     12    1   47   54
  1328     12    1   47   55
  1329     12    1   47   56
  1330     12    1   47   57
  1331     12    1   47   58
  1332     12    1   47   59
  1333     12    1   47   60
  1334     12    1   48   49
  1335     12    1   48   50
  1336     12    1   48   51
  1337     12    1   48   52
  1338     12    1   48   53
  1339     12    1   48   54
  1340     12    1   48   55
  1341     12    1   48   56
  1342     12    1   48   57
  1343     12    1   48   58
  1344     12    1   48   59
  1345     12    1   48   60
  1346     12    1   49   50
  1347     12    1   49   51
  1348     12    1   49   52
  1349     12    1   49   53
  1350     12    1   49   54
  1351     12    1   49   55
  1352     12    1   49   56
  1353     12    1   49   57
  1354     12    1   49   58
  1355     12    1   49   59
  1356     12    1   49   60
  1357     12    1   50   51
  1358     12    1   50   52
  1359     12    1   50   53
  1360     12    1   50   54
  1361     12    1   50   55
  1362     12    1   50   56
  1363     12    1   50   57
  1364     12    1   50   58
  1365     12    1   50   59
  1366     12    1   50   60
  1367     12    1   51   52
  1368     12    1   51   53
  1369     12    1   51   54
  1370     12    1   51   55
  1371     12    1   51   56
  1372     12    1   51   57
  1373     12    1   51   58
  1374     12    1   51   59
  1375     12    1   51   60
  1376     12    1   52   53
  1377     12    1   52   54
  1378     12    1   52   55
  1379     12    1   52   56
  1380     12    1   52   57
  1381     12    1   52   58
  1382     12    1   52   59
  1383     12    1   52   60
  1384     12    1   53   54
  1385     12    1   53   55
  1386     12    1   53   56
  1387     12    1   53   57
  1388     12    1   53   58
  1389     12    1   53   59
  1390     12    1   53   60
  1391     12    1   54   55
  1392     12    1   54   56
  1393     12    1   54   57
  1394     12    1   54   58
  1395     12    1   54   59
  1396     12    1   54   60
  1397     12    1   55   56
  1398     12    1   55   57
  1399     12    1   55   58
  1400     12    1   55   59
  1401     12    1   55   60
  1402     12    1   56   57
  1403     12    1   56   58
  1404     12    1   56   59
  1405     12    1   56   60
  1406     12    1   57   58
  1407     12    1   57   59
  1408     12    1   57   60
  1409     12    1   58   59
  1410     12    1   58   60
  1411     12    1   59   60
  1412      4   13   14   15
  1413     12   13   14   16
  1414     12   13   14   17
  1415     12   13   14   18
  1416     12   13   14   19
  1417     12   13   14   20
  1418     12   13   14   21
  1419     12   13   14   22
  1420     12   13   14   23
  1421     12   13   14   24
  1422     12   13   14   25
  1423     12   13   14   26
  1424     12   13   14   27
  1425     12   13   14   28
  1426     12   13   14   29
  1427     12   13   14   30
  1428     12   13   14   31
  1429     12   13   14   32
  1430     12   13   14   33
  1431     12   13   14   34
  1432     12   13   14   35
  1433     12   13   14   36
  1434     12   13   14   37
  1435     12   13   14   38
  1436     12   13   14   39
  1437     12   13   14   40
  1438     12   13   14   41
  1439     12   13   14   42
  1440     12   13   14   43
  1441     12   13   14   44
  1442     12   13   14   45
  1443     12   13   14   46
  1444     12   13   14   47
  1445     12   13   14   48
  1446     12   13   14   49
  1447     12   13   14   50
  1448     12   13   14   51
  1449     12   13   14   52
  1450     12   13   14   53
  1451     12   13   14   54
  1452     12   13   14   55
  1453     12   13   14   56
  1454     12   13   14   57
  1455     12   13   14   58
  1456     12   13   14   59
  1457     12   13   14   60
  1458     12   13   16   19
  1459     12   13   16   20
  1460     12   13   16   21
  1461     12   13   16   25
  1462     12   13   16   26
  1463     12   13   16   27
  1464     12   13   16   31
  1465     12   13   16   32
  1466     12   13   16   33
  1467     12   13   16   37
  1468     12   13   16   38
  1469     12   13   16   39
  1470     12   13   16   43
  1471     12   13   16   44
  1472     12   13   16   45
  1473     12   13   16   49
  1474     12   13   16   50
  1475     12   13   16   51
  1476     12   13   16   55
  1477     12   13   16   56
  1478     12   13   16   57
  1479     12   13   17   19
  1480     12   13   17   20
  1481     12   13   17   21
  1482     12   13   17   22
  1483     12   13   17   23
  1484     12   13   17   24
  1485     12   13   17   25
  1486     12   13   17   26
  1487     12   13   17   27
  1488     12   13   17   28
  1489     12   13   17   29
  1490     12   13   17   30
  1491     12   13   17   31
  1492     12   13   17   32
  1493     12   13   17   33
  1494     12   13   17   34
  1495     12   13   17   35
  1496     12   13   17   36
  1497     12   13   17   37
  1498     12   13   17   38
  1499     12   13   17   39
  1500     12   13   17   40
  1501     12   13   17   41
  1502     12   13   17   42
  1503     12   13   17   43
  1504     12   13   17   44
  1505     12   13   17   45
  1506     12   13   17   46
  1507     12   13   17   47
  1508     12   13   17   48
  1509     12   13   17   49
  1510     12   13   17   50
  1511     12   13   17   51
  1512     12   13   17   52
  1513     12   13   17   53
  1514     12   13   17   54
  1515     12   13   17   55
  1516     12   13   17   56
  1517     12   13   17   57
  1518     12   13   17   58
  1519     12   13   17   59
  1520     12   13   17   60
  1521     12   13   19   25
  1522     12   13   19   26
  1523     12   13   19   27
  1524     12   13   19   28
  1525     12   13   19   29
  1526     12   13   19   30
  1527     12   13   19   37
  1528     12   13   19   38
  1529     12   13   19   39
  1530     12   13   19   40
  1531     12   13   19   41
  1532     12   13   19   42
  1533     12   13   19   49
  1534     12   13   19   50
  1535     12   13   19   51
  1536     12   13   19   52
  1537     12   13   19   53
  1538     12   13   19   54
  1539     12   13   20   25
  1540     12   13   20   26
  1541     12   13   20   27
  1542     12   13   20   28
  1543     12   13   20   29
  1544     12   13   20   30
  1545     12   13   20   37
  1546     12   13   20   38
  1547     12   13   20   39
  1548     12   13   20   40
  1549     12   13   20   41
  1550     12   13   20   42
  1551     12   13   20   49
  1552     12   13   20   50
  1553     12   13   20   51
  1554     12   13   20   52
  1555     12   13   20   53
  1556     12   13   20   54
  1557     12   13   21   25
  1558     12   13   21   26
  1559     12   13   21   27
  1560     12   13   21   28
  1561     12   13   21   29
  1562     12   13   21   30
  1563     12   13   21   37
  1564     12   13   21   38
  1565     12   13   21   39
  1566     12   13   21   40
  1567     12   13   21   41
  1568     12   13   21   42
  1569     12   13   21   49
  1570     12   13   21   50
  1571     12   13   21   51
  1572     12   13   21   52
  1573     12   13   21   53
  1574     12   13   21   54
  1575     12   13   22   25
  1576     12   13   22   26
  1577     12   13   22   27
  1578     12   13   22   28
  1579     12   13   22   29
  1580     12   13   22   30
  1581     12   13   22   37
  1582     12   13   22   38
  1583     12   13   22   39
  1584     12   13   22   40
  1585     12   13   22   41
  1586     12   13   22   42
  1587     12   13   22   49
  1588     12   13   22   50
  1589     12   13   22   51
  1590     12   13   22   52
  1591     12   13   22   53
  1592     12   13   22   54
  1593     12   13   23   25
  1594     12   13   23   26
  1595     12   13   23   27
  1596     12   13   23   28
  1597     12   13   23   29
  1598     12   13   23   30
  1599     12   13   23   37
  1600     12   13   23   38
  1601     12   13   23   39
  1602     12   13   23   40
  1603     12   13   23   41
  1604     12   13   23   42
  1605     12   13   23   49
  1606     12   13   23   50
  1607     12   13   23   51
  1608     12   13   23   52
  1609     12   13   23   53
  1610     12   13   23   54
  1611     12   13   24   25
  1612     12   13   24   26
  1613     12   13   24   27
  1614     12   13   24   28
  1615     12   13   24   29
  1616     12   13   24   30
  1617     12   13   24   37
  1618     12   13   24   38
  1619     12   13   24   39
  1620     12   13   24   40
  1621     12   13   24   41
  1622     12   13   24   42
  1623     12   13   24   49
  1624     12   13   24   50
  1625     12   13   24   51
  1626     12   13   24   52
  1627     12   13   24   53
  1628     12   13   24   54
  1629     12   13   25   26
  1630     12   13   25   27
  1631     12   13   25   28
  1632     12   13   25   29
  1633     12   13   25   30
  1634     12   13   25   31
  1635     12   13   25   32
  1636     12   13   25   33
  1637     12   13   25   34
  1638     12   13   25   35
  1639     12   13   25   36
  1640     12   13   25   37
  1641     12   13   25   38
  1642     12   13   25   39
  1643     12   13   25   40
  1644     12   13   25   41
  1645     12   13   25   42
  1646     12   13   25   43
  1647     12   13   25   44
  1648     12   13   25   45
  1649     12   13   25   46
  1650     12   13   25   47
  1651     12   13   25   48
  1652     12   13   25   49
  1653     12   13   25   50
  1654     12   13   25   51
  1655     12   13   25   52
  1656     12   13   25   53
  1657     12   13   25   54
  1658     12   13   25   55
  1659     12   13   25   56
  1660     12   13   25   57
  1661     12   13   25   58
  1662     12   13   25   59
  1663     12   13   25   60
  1664     12   13   26   27
  1665     12   13   26   28
  1666     12   13   26   29
  1667     12   13   26   30
  1668     12   13   26   31
  1669     12   13   26   32
  1670     12   13   26   33
  1671     12   13   26   34
  1672     12   13   26   35
  1673     12   13   26   36
  1674     12   13   26   37
  1675     12   13   26   38
  1676     12   13   26   39
  1677     12   13   26   40
  1678     12   13   26   41
  1679     12   13   26   42
  1680     12   13   26   43
  1681     12   13   26   44
  1682     12   13   26   45
  1683     12   13   26   46
  1684     12   13   26   47
  1685     12   13   26   48
  1686     12   13   26   49
  1687     12   13   26   50
  1688     12   13   26   51
  1689     12   13   26   52
  1690     12   13   26   53
  1691     12   13   26   54
  1692     12   13   26   55
  1693     12   13   26   56
  1694     12   13   26   57
  1695     12   13   26   58
  1696     12   13   26   59
  1697     12   13   26   60
  1698     12   13   27   28
  1699     12   13   27   29
  1700     12   13   27   30
  1701     12   13   27   31
  1702     12   13   27   32
  1703     12   13   27   33
  1704     12   13   27   34
  1705     12   13   27   35
  1706     12   13   27   36
  1707     12   13   27   37
  1708     12   13   27   38
  1709     12   13   27   39
  1710     12   13   27   40
  1711     12   13   27   41
  1712     12   13   27   42
  1713     12   13   27   43
  1714     12   13   27   44
  1715     12   13   27   45
  1716     12   13   27   46
  1717     12   13   27   47
  1718     12   13   27   48
  1719     12   13   27   49
  1720     12   13   27   50
  1721     12   13   27   51
  1722     12   13   27   52
  1723     12   13   27   53
  1724     12   13   27   54
  1725     12   13   27   55
  1726     12   13   27   56
  1727     12   13   27   57
  1728     12   13   27   58
  1729     12   13   27   59
  1730     12   13   27   60
  1731     12   13   28   29
  1732     12   13   28   30
  1733     12   13   28   31
  1734     12   13   28   32
  1735     12   13   28   33
  1736     12   13   28   34
  1737     12   13   28   35
  1738     12   13   28   36
  1739     12   13   28   37
  1740     12   13   28   38
  1741     12   13   28   39
  1742     12   13   28   40
  1743     12   13   28   41
  1744     12   13   28   42
  1745     12   13   28   43
  1746     12   13   28   44
  1747     12   13   28   45
  1748     12   13   28   46
  1749     12   13   28   47
  1750     12   13   28   48
  1751     12   13   28   49
  1752     12   13   28   50
  1753     12   13   28   51
  1754     12   13   28   52
  1755     12   13   28   53
  1756     12   13   28   54
  1757     12   13   28   55
  1758     12   13   28   56
  1759     12   13   28   57
  1760     12   13   28   58
  1761     12   13   28   59
  1762     12   13   28   60
  1763     12   13   29   30
  1764     12   13   29   31
  1765     12   13   29   32
  1766     12   13   29   33
  1767     12   13   29   34
  1768     12   13   29   35
  1769     12   13   29   36
  1770     12   13   29   37
  1771     12   13   29   38
  1772     12   13   29   39
  1773     12   13   29   40
  1774     12   13   29   41
  1775     12   13   29   42
  1776     12   13   29   43
  1777     12   13   29   44
  1778     12   13   29   45
  1779     12   13   29   46
  1780     12   13   29   47
  1781     12   13   29   48
  1782     12   13   29   49
  1783     12   13   29   50
  1784     12   13   29   51
  1785     12   13   29   52
  1786     12   13   29   53
  1787     12   13   29   54
  1788     12   13   29   55
  1789     12   13   29   56
  1790     12   13   29   57
  1791     12   13   29   58
  1792     12   13   29   59
  1793     12   13   29   60
  1794     12   13   30   31
  1795     12   13   30   32
  1796     12   13   30   33
  1797     12   13   30   34
  1798     12   13   30   35
  1799     12   13   30   36
  1800     12   13   30   37
  1801     12   13   30   38
  1802     12   13   30   39
  1803     12   13   30   40
  1804     12   13   30   41
  1805     12   13   30   42
  1806     12   13   30   43
  1807     12   13   30   44
  1808     12   13   30   45
  1809     12   13   30   46
  1810     12   13   30   47
  1811     12   13   30   48
  1812     12   13   30   49
  1813     12   13   30   50
  1814     12   13   30   51
  1815     12   13   30   52
  1816     12   13   30   53
  1817     12   13   30   54
  1818     12   13   30   55
  1819     12   13   30   56
  1820     12   13   30   57
  1821     12   13   30   58
  1822     12   13   30   59
  1823     12   13   30   60
  1824     12   13   31   32
  1825     12   13   31   33
  1826     12   13   31   34
  1827     12   13   31   35
  1828     12   13   31   36
  1829     12   13   31   37
  1830     12   13   31   38
  1831     12   13   31   39
  1832     12   13   31   40
  1833     12   13   31   41
  1834     12   13   31   42
  1835     12   13   31   43
  1836     12   13   31   44
  1837     12   13   31   45
  1838     12   13   31   46
  1839     12   13   31   47
  1840     12   13   31   48
  1841     12   13   31   49
  1842     12   13   31   50
  1843     12   13   31   51
  1844     12   13   31   52
  1845     12   13   31   53
  1846     12   13   31   54
  1847     12   13   31   55
  1848     12   13   31   56
  1849     12   13   31   57
  1850     12   13   31   58
  1851     12   13   31   59
  1852     12   13   31   60
  1853     12   13   32   33
  1854     12   13   32   34
  1855     12   13   32   35
  1856     12   13   32   36
  1857     12   13   32   37
  1858     12   13   32   38
  1859     12   13   32   39
  1860     12   13   32   40
  1861     12   13   32   41
  1862     12   13   32   42
  1863     12   13   32   43
  1864     12   13   32   44
  1865     12   13   32   45
  1866     12   13   32   46
  1867     12   13   32   47
  1868     12   13   32   48
  1869     12   13   32   49
  1870     12   13   32   50
  1871     12   13   32   51
  1872     12   13   32   52
  1873     12   13   32   53
  1874     12   13   32   54
  1875     12   13   32   55
  1876     12   13   32   56
  1877     12   13   32   57
  1878     12   13   32   58
  1879     12   13   32   59
  1880     12   13   32   60
  1881     12   13   33   34
  1882     12   13   33   35
  1883     12   13   33   36
  1884     12   13   33   37
  1885     12   13   33   38
  1886     12   13   33   39
  1887     12   13   33   40
  1888     12   13   33   41
  1889     12   13   33   42
  1890     12   13   33   43
  1891     12   13   33   44
  1892     12   13   33   45
  1893     12   13   33   46
  1894     12   13   33   47
  1895     12   13   33   48
  1896     12   13   33   49
  1897     12   13   33   50
  1898     12   13   33   51
  1899     12   13   33   52
  1900     12   13   33   53
  1901     12   13   33   54
  1902     12   13   33   55
  1903     12   13   33   56
  1904     12   13   33   57
  1905     12   13   33   58
  1906     12   13   33   59
  1907     12   13   33   60
  1908     12   13   34   35
  1909     12   13   34   36
  1910     12   13   34   37
  1911     12   13   34   38
  1912     12   13   34   39
  1913     12   13   34   40
  1914     12   13   34   41
  1915     12   13   34   42
  1916     12   13   34   43
  1917     12   13   34   44
  1918     12   13   34   45
  1919     12   13   34   46
  1920     12   13   34   47
  1921     12   13   34   48
  1922     12   13   34   49
  1923     12   13   34   50
  1924     12   13   34   51
  1925     12   13   34   52
  1926     12   13   34   53
  1927     12   13   34   54
  1928     12   13   34   55
  1929     12   13   34   56
  1930     12   13   34   57
  1931     12   13   34   58
  1932     12   13   34   59
  1933     12   13   34   60
  1934     12   13   35   36
  1935     12   13   35   37
  1936     12   13   35   38
  1937     12   13   35   39
  1938     12   13   35   40
  1939     12   13   35   41
  1940     12   13   35   42
  1941     12   13   35   43
  1942     12   13   35   44
  1943     12   13   35   45
  1944     12   13   35   46
  1945     12   13   35   47
  1946     12   13   35   48
  1947     12   13   35   49
  1948     12   13   35   50
  1949     12   13   35   51
  1950     12   13   35   52
  1951     12   13   35   53
  1952     12   13   35   54
  1953     12   13   35   55
  1954     12   13   35   56
  1955     12   13   35   57
  1956     12   13   35   58
  1957     12   13   35   59
  1958     12   13   35   60
  1959     12   13   36   37
  1960     12   13   36   38
  1961     12   13   36   39
  1962     12   13   36   40
  1963     12   13   36   41
  1964     12   13   36   42
  1965     12   13   36   43
  1966     12   13   36   44
  1967     12   13   36   45
  1968     12   13   36   46
  1969     12   13   36   47
  1970     12   13   36   48
  1971     12   13   36   49
  1972     12   13   36   50
  1973     12   13   36   51
  1974     12   13   36   52
  1975     12   13   36   53
  1976     12   13   36   54
  1977     12   13   36   55
  1978     12   13   36   56
  1979     12   13   36   57
  1980     12   13   36   58
  1981     12   13   36   59
  1982     12   13   36   60
  1983     12   13   37   38
  1984     12   13   37   39
  1985     12   13   37   40
  1986     12   13   37   41
  1987     12   13   37   42
  1988     12   13   37   43
  1989     12   13   37   44
  1990     12   13   37   45
  1991     12   13   37   46
  1992     12   13   37   47
  1993     12   13   37   48
  1994     12   13   37   49
  1995     12   13   37   50
  1996     12   13   37   51
  1997     12   13   37   52
  1998     12   13   37   53
  1999     12   13   37   54
  2000     12   13   37   55
  2001     12   13   37   56
  2002     12   13   37   57
  2003     12   13   37   58
  2004     12   13   37   59
  2005     12   13   37   60
  2006     12   13   38   39
  2007     12   13   38   40
  2008     12   13   38   41
  2009     12   13   38   42
  2010     12   13   38   43
  2011     12   13   38   44
  2012     12   13   38   45
  2013     12   13   38   46
  2014     12   13   38   47
  2015     12   13   38   48
  2016     12   13   38   49
  2017     12   13   38   50
  2018     12   13   38   51
  2019     12   13   38   52
  2020     12   13   38   53
  2021     12   13   38   54
  2022     12   13   38   55
  2023     12   13   38   56
  2024     12   13   38   57
  2025     12   13   38   58
  2026     12   13   38   59
  2027     12   13   38   60
  2028     12   13   39   40
  2029     12   13   39   41
  2030     12   13   39   42
  2031     12   13   39   43
  2032     12   13   39   44
  2033     12   13   39   45
  2034     12   13   39   46
  2035     12   13   39   47
  2036     12   13   39   48
  2037     12   13   39   49
  2038     12   13   39   50
  2039     12   13   39   51
  2040     12   13   39   52
  2041     12   13   39   53
  2042     12   13   39   54
  2043     12   13   39   55
  2044     12   13   39   56
  2045     12   13   39   57
  2046     12   13   39   58
  2047     12   13   39   59
  2048     12   13   39   60
  2049     12   13   40   41
  2050     12   13   40   42
  2051     12   13   40   43
  2052     12   13   40   44
  2053     12   13   40   45
  2054     12   13   40   46
  2055     12   13   40   47
  2056     12   13   40   48
  2057     12   13   40   49
  2058     12   13   40   50
  2059     12   13   40   51
  2060     12   13   40   52
  2061     12   13   40   53
  2062     12   13   40   54
  2063     12   13   40   55
  2064     12   13   40   56
  2065     12   13   40   57
  2066     12   13   40   58
  2067     12   13   40   59
  2068     12   13   40   60
  2069     12   13   41   42
  2070     12   13   41   43
  2071     12   13   41   44
  2072     12   13   41   45
  2073     12   13   41   46
  2074     12   13   41   47
  2075     12   13   41   48
  2076     12   13   41   49
  2077     12   13   41   50
  2078     12   13   41   51
  2079     12   13   41   52
  2080     12   13   41   53
  2081     12   13   41   54
  2082     12   13   41   55
  2083     12   13   41   56
  2084     12   13   41   57
  2085     12   13   41   58
  2086     12   13   41   59
  2087     12   13   41   60
  2088     12   13   42   43
  2089     12   13   42   44
  2090     12   13   42   45
  2091     12   13   42   46
  2092     12   13   42   47
  2093     12   13   42   48
  2094     12   13   42   49
  2095     12   13   42   50
  2096     12   13   42   51
  2097     12   13   42   52
  2098     12   13   42   53
  2099     12   13   42   54
  2100     12   13   42   55
  2101     12   13   42   56
  2102     12   13   42   57
  2103     12   13   42   58
  2104     12   13   42   59
  2105     12   13   42   60
  2106     12   13   43   44
  2107     12   13   43   45
  2108     12   13   43   46
  2109     12   13   43   47
  2110     12   13   43   48
  2111     12   13   43   49
  2112     12   13   43   50
  2113     12   13   43   51
  2114     12   13   43   52
  2115     12   13   43   53
  2116     12   13   43   54
  2117     12   13   43   55
  2118     12   13   43   56
  2119     12   13   43   57
  2120     12   13   43   58
  2121     12   13   43   59
  2122     12   13   43   60
  2123     12   13   44   45
  2124     12   13   44   46
  2125     12   13   44   47
  2126     12   13   44   48
  2127     12   13   44   49
  2128     12   13   44   50
  2129     12   13   44   51
  2130     12   13   44   52
  2131     12   13   44   53
  2132     12   13   44   54
  2133     12   13   44   55
  2134     12   13   44   56
  2135     12   13   44   57
  2136     12   13   44   58
  2137     12   13   44   59
  2138     12   13   44   60
  2139     12   13   45   46
  2140     12   13   45   47
  2141     12   13   45   48
  2142     12   13   45   49
  2143     12   13   45   50
  2144     12   13   45   51
  2145     12   13   45   52
  2146     12   13   45   53
  2147     12   13   45   54
  2148     12   13   45   55
  2149     12   13   45   56
  2150     12   13   45   57
  2151     12   13   45   58
  2152     12   13   45   59
  2153     12   13   45   60
  2154     12   13   46   47
  2155     12   13   46   48
  2156     12   13   46   49
  2157     12   13   46   50
  2158     12   13   46   51
  2159     12   13   46   52
  2160     12   13   46   53
  2161     12   13   46   54
  2162     12   13   46   55
  2163     12   13   46   56
  2164     12   13   46   57
  2165     12   13   46   58
  2166     12   13   46   59
  2167     12   13   46   60
  2168     12   13   47   48
  2169     12   13   47   49
  2170     12   13   47   50
  2171     12   13   47   51
  2172     12   13   47   52
  2173     12   13   47   53
  2174     12   13   47   54
  2175     12   13   47   55
  2176     12   13   47   56
  2177     12   13   47   57
  2178     12   13   47   58
  2179     12   13   47   59
  2180     12   13   47   60
  2181     12   13   48   49
  2182     12   13   48   50
  2183     12   13   48   51
  2184     12   13   48   52
  2185     12   13   48   53
  2186     12   13   48   54
  2187     12   13   48   55
  2188     12   13   48   56
  2189     12   13   48   57
  2190     12   13   48   58
  2191     12   13   48   59
  2192     12   13   48   60
  2193     12   13   49   50
  2194     12   13   49   51
  2195     12   13   49   52
  2196     12   13   49   53
  2197     12   13   49   54
  2198     12   13   49   55
  2199     12   13   49   56
  2200     12   13   49   57
  2201     12   13   49   58
  2202     12   13   49   59
  2203     12   13   49   60
  2204     12   13   50   51
  2205     12   13   50   52
  2206     12   13   50   53
  2207     12   13   50   54
  2208     12   13   50   55
  2209     12   13   50   56
  2210     12   13   50   57
  2211     12   13   50   58
  2212     12   13   50   59
  2213     12   13   50   60
  2214     12   13   51   52
  2215     12   13   51   53
  2216     12   13   51   54
  2217     12   13   51   55
  2218     12   13   51   56
  2219     12   13   51   57
  2220     12   13   51   58
  2221     12   13   51   59
  2222     12   13   51   60
  2223     12   13   52   53
  2224     12   13   52   54
  2225     12   13   52   55
  2226     12   13   52   56
  2227     12   13   52   57
  2228     12   13   52   58
  2229     12   13   52   59
  2230     12   13   52   60
  2231     12   13   53   54
  2232     12   13   53   55
  2233     12   13   53   56
  2234     12   13   53   57
  2235     12   13   53   58
  2236     12   13   53   59
  2237     12   13   53   60
  2238     12   13   54   55
  2239     12   13   54   56
  2240     12   13   54   57
  2241     12   13   54   58
  2242     12   13   54   59
  2243     12   13   54   60
  2244     12   13   55   56
  2245     12   13   55   57
  2246     12   13   55   58
  2247     12   13   55   59
  2248     12   13   55   60
  2249     12   13   56   57
  2250     12   13   56   58
  2251     12   13   56   59
  2252     12   13   56   60
  2253     12   13   57   58
  2254     12   13   57   59
  2255     12   13   57   60
  2256     12   13   58   59
  2257     12   13   58   60
  2258     12   13   59   60
  2259      4   25   26   27
  2260     12   25   26   28
  2261     12   25   26   29
  2262     12   25   26   30
  2263     12   25   26   31
  2264     12   25   26   32
  2265     12   25   26   33
  2266     12   25   26   34
  2267     12   25   26   35
  2268     12   25   26   36
  2269     12   25   26   37
  2270     12   25   26   38
  2271     12   25   26   39
  2272     12   25   26   40
  2273     12   25   26   41
  2274     12   25   26   42
  2275     12   25   26   43
  2276     12   25   26   44
  2277     12   25   26   45
  2278     12   25   26   46
  2279     12   25   26   47
  2280     12   25   26   48
  2281     12   25   26   49
  2282     12   25   26   50
  2283     12   25   26   51
  2284     12   25   26   52
  2285     12   25   26   53
  2286     12   25   26   54
  2287     12   25   26   55
  2288     12   25   26   56
  2289     12   25   26   57
  2290     12   25   26   58
  2291     12   25   26   59
  2292     12   25   26   60
  2293     12   25   28   31
  2294     12   25   28   32
  2295     12   25   28   33
  2296     12   25   28   37
  2297     12   25   28   38
  2298     12   25   28   39
  2299     12   25   28   43
  2300     12   25   28   44
  2301     12   25   28   45
  2302     12   25   28   49
  2303     12   25   28   50
  2304     12   25   28   51
  2305     12   25   28   55
  2306     12   25   28   56
  2307     12   25   28   57
  2308     12   25   29   31
  2309     12   25   29   32
  2310     12   25   29   33
  2311     12   25   29   34
  2312     12   25   29   35
  2313     12   25   29   36
  2314     12   25   29   37
  2315     12   25   29   38
  2316     12   25   29   39
  2317     12   25   29   40
  2318     12   25   29   41
  2319     12   25   29   42
  2320     12   25   29   43
  2321     12   25   29   44
  2322     12   25   29   45
  2323     12   25   29   46
  2324     12   25   29   47
  2325     12   25   29   48
  2326     12   25   29   49
  2327     12   25   29   50
  2328     12   25   29   51
  2329     12   25   29   52
  2330     12   25   29   53
  2331     12   25   29   54
  2332     12   25   29   55
  2333     12   25   29   56
  2334     12   25   29   57
  2335     12   25   29   58
  2336     12   25   29   59
  2337     12   25   29   60
  2338     12   25   31   37
  2339     12   25   31   38
  2340     12   25   31   39
  2341     12   25   31   40
  2342     12   25   31   41
  2343     12   25   31   42
  2344     12   25   31   49
  2345     12   25   31   50
  2346     12   25   31   51
  2347     12   25   31   52
  2348     12   25   31   53
  2349     12   25   31   54
  2350     12   25   32   37
  2351     12   25   32   38
  2352     12   25   32   39
  2353     12   25   32   40
  2354     12   25   32   41
  2355     12   25   32   42
  2356     12   25   32   49
  2357     12   25   32   50
  2358     12   25   32   51
  2359     12   25   32   52
  2360     12   25   32   53
  2361     12   25   32   54
  2362     12   25   33   37
  2363     12   25   33   38
  2364     12   25   33   39
  2365     12   25   33   40
  2366     12   25   33   41
  2367     12   25   33   42
  2368     12   25   33   49
  2369     12   25   33   50
  2370     12   25   33   51
  2371     12   25   33   52
  2372     12   25   33   53
  2373     12   25   33   54
  2374     12   25   34   37
  2375     12   25   34   38
  2376     12   25   34   39
  2377     12   25   34   40
  2378     12   25   34   41
  2379     12   25   34   42
  2380     12   25   34   49
  2381     12   25   34   50
  2382     12   25   34   51
  2383     12   25   34   52
  2384     12   25   34   53
  2385     12   25   34   54
  2386     12   25   35   37
  2387     12   25   35   38
  2388     12   25   35   39
  2389     12   25   35   40
  2390     12   25   35   41
  2391     12   25   35   42
  2392     12   25   35   49
  2393     12   25   35   50
  2394     12   25   35   51
  2395     12   25   35   52
  2396     12   25   35   53
  2397     12   25   35   54
  2398     12   25   36   37
  2399     12   25   36   38
  2400     12   25   36   39
  2401     12   25   36   40
  2402     12   25   36   41
  2403     12   25   36   42
  2404     12   25   36   49
  2405     12   25   36   50
  2406     12   25   36   51
  2407     12   25   36   52
  2408     12   25   36   53
  2409     12   25   36   54
  2410     12   25   37   38
  2411     12   25   37   39
  2412     12   25   37   40
  2413     12   25   37   41
  2414     12   25   37   42
  2415     12   25   37   43
  2416     12   25   37   44
  2417     12   25   37   45
  2418     12   25   37   46
  2419     12   25   37   47
  2420     12   25   37   48
  2421     12   25   37   49
  2422     12   25   37   50
  2423     12   25   37   51
  2424     12   25   37   52
  2425     12   25   37   53
  2426     12   25   37   54
  2427     12   25   37   55
  2428     12   25   37   56
  2429     12   25   37   57
  2430     12   25   37   58
  2431     12   25   37   59
  2432     12   25   37   60
  2433     12   25   38   39
  2434     12   25   38   40
  2435     12   25   38   41
  2436     12   25   38   42
  2437     12   25   38   43
  2438     12   25   38   44
  2439     12   25   38   45
  2440     12   25   38   46
  2441     12   25   38   47
  2442     12   25   38   48
  2443     12   25   38   49
  2444     12   25   38   50
  2445     12   25   38   51
  2446     12   25   38   52
  2447     12   25   38   53
  2448     12   25   38   54
  2449     12   25   38   55
  2450     12   25   38   56
  2451     12   25   38   57
  2452     12   25   38   58
  2453     12   25   38   59
  2454     12   25   38   60
  2455     12   25   39   40
  2456     12   25   39   41
  2457     12   25   39   42
  2458     12   25   39   43
  2459     12   25   39   44
  2460     12   25   39   45
  2461     12   25   39   46
  2462     12   25   39   47
  2463     12   25   39   48
  2464     12   25   39   49
  2465     12   25   39   50
  2466     12   25   39   51
  2467     12   25   39   52
  2468     12   25   39   53
  2469     12   25   39   54
  2470     12   25   39   55
  2471     12   25   39   56
  2472     12   25   39   57
  2473     12   25   39   58
  2474     12   25   39   59
  2475     12   25   39   60
  2476     12   25   40   41
  2477     12   25   40   42
  2478     12   25   40   43
  2479     12   25   40   44
  2480     12   25   40   45
  2481     12   25   40   46
  2482     12   25   40   47
  2483     12   25   40   48
  2484     12   25   40   49
  2485     12   25   40   50
  2486     12   25   40   51
  2487     12   25   40   52
  2488     12   25   40   53
  2489     12   25   40   54
  2490     12   25   40   55
  2491     12   25   40   56
  2492     12   25   40   57
  2493     12   25   40   58
  2494     12   25   40   59
  2495     12   25   40   60
  2496     12   25   41   42
  2497     12   25   41   43
  2498     12   25   41   44
  2499     12   25   41   45
  2500     12   25   41   46
  2501     12   25   41   47
  2502     12   25   41   48
  2503     12   25   41   49
  2504     12   25   41   50
  2505     12   25   41   51
  2506     12   25   41   52
  2507     12   25   41   53
  2508     12   25   41   54
  2509     12   25   41   55
  2510     12   25   41   56
  2511     12   25   41   57
  2512     12   25   41   58
  2513     12   25   41   59
  2514     12   25   41   60
  2515     12   25   42   43
  2516     12   25   42   44
  2517     12   25   42   45
  2518     12   25   42   46
  2519     12   25   42   47
  2520     12   25   42   48
  2521     12   25   42   49
  2522     12   25   42   50
  2523     12   25   42   51
  2524     12   25   42   52
  2525     12   25   42   53
  2526     12   25   42   54
  2527     12   25   42   55
  2528     12   25   42   56
  2529     12   25   42   57
  2530     12   25   42   58
  2531     12   25   42   59
  2532     12   25   42   60
  2533     12   25   43   44
  2534     12   25   43   45
  2535     12   25   43   46
  2536     12   25   43   47
  2537     12   25   43   48
  2538     12   25   43   49
  2539     12   25   43   50
  2540     12   25   43   51
  2541     12   25   43   52
  2542     12   25   43   53
  2543     12   25   43   54
  2544     12   25   43   55
  2545     12   25   43   56
  2546     12   25   43   57
  2547     12   25   43   58
  2548     12   25   43   59
  2549     12   25   43   60
  2550     12   25   44   45
  2551     12   25   44   46
  2552     12   25   44   47
  2553     12   25   44   48
  2554     12   25   44   49
  2555     12   25   44   50
  2556     12   25   44   51
  2557     12   25   44   52
  2558     12   25   44   53
  2559     12   25   44   54
  2560     12   25   44   55
  2561     12   25   44   56
  2562     12   25   44   57
  2563     12   25   44   58
  2564     12   25   44   59
  2565     12   25   44   60
  2566     12   25   45   46
  2567     12   25   45   47
  2568     12   25   45   48
  2569     12   25   45   49
  2570     12   25   45   50
  2571     12   25   45   51
  2572     12   25   45   52
  2573     12   25   45   53
  2574     12   25   45   54
  2575     12   25   45   55
  2576     12   25   45   56
  2577     12   25   45   57
  2578     12   25   45   58
  2579     12   25   45   59
  2580     12   25   45   60
  2581     12   25   46   47
  2582     12   25   46   48
  2583     12   25   46   49
  2584     12   25   46   50
  2585     12   25   46   51
  2586     12   25   46   52
  2587     12   25   46   53
  2588     12   25   46   54
  2589     12   25   46   55
  2590     12   25   46   56
  2591     12   25   46   57
  2592     12   25   46   58
  2593     12   25   46   59
  2594     12   25   46   60
  2595     12   25   47   48
  2596     12   25   47   49
  2597     12   25   47   50
  2598     12   25   47   51
  2599     12   25   47   52
  2600     12   25   47   53
  2601     12   25   47   54
  2602     12   25   47   55
  2603     12   25   47   56
  2604     12   25   47   57
  2605     12   25   47   58
  2606     12   25   47   59
  2607     12   25   47   60
  2608     12   25   48   49
  2609     12   25   48   50
  2610     12   25   48   51
  2611     12   25   48   52
  2612     12   25   48   53
  2613     12   25   48   54
  2614     12   25   48   55
  2615     12   25   48   56
  2616     12   25   48   57
  2617     12   25   48   58
  2618     12   25   48   59
  2619     12   25   48   60
  2620     12   25   49   50
  2621     12   25   49   51
  2622     12   25   49   52
  2623     12   25   49   53
  2624     12   25   49   54
  2625     12   25   49   55
  2626     12   25   49   56
  2627     12   25   49   57
  2628     12   25   49   58
  2629     12   25   49   59
  2630     12   25   49   60
  2631     12   25   50   51
  2632     12   25   50   52
  2633     12   25   50   53
  2634     12   25   50   54
  2635     12   25   50   55
  2636     12   25   50   56
  2637     12   25   50   57
  2638     12   25   50   58
  2639     12   25   50   59
  2640     12   25   50   60
  2641     12   25   51   52
  2642     12   25   51   53
  2643     12   25   51   54
  2644     12   25   51   55
  2645     12   25   51   56
  2646     12   25   51   57
  2647     12   25   51   58
  2648     12   25   51   59
  2649     12   25   51   60
  2650     12   25   52   53
  2651     12   25   52   54
  2652     12   25   52   55
  2653     12   25   52   56
  2654     12   25   52   57
  2655     12   25   52   58
  2656     12   25   52   59
  2657     12   25   52   60
  2658     12   25   53   54
  2659     12   25   53   55
  2660     12   25   53   56
  2661     12   25   53   57
  2662     12   25   53   58
  2663     12   25   53   59
  2664     12   25   53   60
  2665     12   25   54   55
  2666     12   25   54   56
  2667     12   25   54   57
  2668     12   25   54   58
  2669     12   25   54   59
  2670     12   25   54   60
  2671     12   25   55   56
  2672     12   25   55   57
  2673     12   25   55   58
  2674     12   25   55   59
  2675     12   25   55   60
  2676     12   25   56   57
  2677     12   25   56   58
  2678     12   25   56   59
  2679     12   25   56   60
  2680     12   25   57   58
  2681     12   25   57   59
  2682     12   25   57   60
  2683     12   25   58   59
  2684     12   25   58   60
  2685     12   25   59   60
  2686      4   37   38   39
  2687     12   37   38   40
  2688     12   37   38   41
  2689     12   37   38   42
  2690     12   37   38   43
  2691     12   37   38   44
  2692     12   37   38   45
  2693     12   37   38   46
  2694     12   37   38   47
  2695     12   37   38   48
  2696     12   37   38   49
  2697     12   37   38   50
  2698     12   37   38   51
  2699     12   37   38   52
  2700     12   37   38   53
  2701     12   37   38   54
  2702     12   37   38   55
  2703     12   37   38   56
  2704     12   37   38   57
  2705     12   37   38   58
  2706     12   37   38   59
  2707     12   37   38   60
  2708     12   37   40   43
  2709     12   37   40   44
  2710     12   37   40   45
  2711     12   37   40   49
  2712     12   37   40   50
  2713     12   37   40   51
  2714     12   37   40   55
  2715     12   37   40   56
  2716     12   37   40   57
  2717     12   37   41   43
  2718     12   37   41   44
  2719     12   37   41   45
  2720     12   37   41   46
  2721     12   37   41   47
  2722     12   37   41   48
  2723     12   37   41   49
  2724     12   37   41   50
  2725     12   37   41   51
  2726     12   37   41   52
  2727     12   37   41   53
  2728     12   37   41   54
  2729     12   37   41   55
  2730     12   37   41   56
  2731     12   37   41   57
  2732     12   37   41   58
  2733     12   37   41   59
  2734     12   37   41   60
  2735     12   37   43   49
  2736     12   37   43   50
  2737     12   37   43   51
  2738     12   37   43   52
  2739     12   37   43   53
  2740     12   37   43   54
  2741     12   37   44   49
  2742     12   37   44   50
  2743     12   37   44   51
  2744     12   37   44   52
  2745     12   37   44   53
  2746     12   37   44   54
  2747     12   37   45   49
  2748     12   37   45   50
  2749     12   37   45   51
  2750     12   37   45   52
  2751     12   37   45   53
  2752     12   37   45   54
  2753     12   37   46   49
  2754     12   37   46   50
  2755     12   37   46   51
  2756     12   37   46   52
  2757     12   37   46   53
  2758     12   37   46   54
  2759     12   37   47   49
  2760     12   37   47   50
  2761     12   37   47   51
  2762     12   37   47   52
  2763     12   37   47   53
  2764     12   37   47   54
  2765     12   37   48   49
  2766     12   37   48   50
  2767     12   37   48   51
  2768     12   37   48   52
  2769     12   37   48   53
  2770     12   37   48   54
  2771     12   37   49   50
  2772     12   37   49   51
  2773     12   37   49   52
  2774     12   37   49   53
  2775     12   37   49   54
  2776     12   37   49   55
  2777     12   37   49   56
  2778     12   37   49   57
  2779     12   37   49   58
  2780     12   37   49   59
  2781     12   37   49   60
  2782     12   37   50   51
  2783     12   37   50   52
  2784     12   37   50   53
  2785     12   37   50   54
  2786     12   37   50   55
  2787     12   37   50   56
  2788     12   37   50   57
  2789     12   37   50   58
  2790     12   37   50   59
  2791     12   37   50   60
  2792     12   37   51   52
  2793     12   37   51   53
  2794     12   37   51   54
  2795     12   37   51   55
  2796     12   37   51   56
  2797     12   37   51   57
  2798     12   37   51   58
  2799     12   37   51   59
  2800     12   37   51   60
  2801     12   37   52   53
  2802     12   37   52   54
  2803     12   37   52   55
  2804     12   37   52   56
  2805     12   37   52   57
  2806     12   37   52   58
  2807     12   37   52   59
  2808     12   37   52   60
  2809     12   37   53   54
  2810     12   37   53   55
  2811     12   37   53   56
  2812     12   37   53   57
  2813     12   37   53   58
  2814     12   37   53   59
  2815     12   37   53   60
  2816     12   37   54   55
  2817     12   37   54   56
  2818     12   37   54   57
  2819     12   37   54   58
  2820     12   37   54   59
  2821     12   37   54   60
  2822     12   37   55   56
  2823     12   37   55   57
  2824     12   37   55   58
  2825     12   37   55   59
  2826     12   37   55   60
  2827     12   37   56   57
  2828     12   37   56   58
  2829     12   37   56   59
  2830     12   37   56   60
  2831     12   37   57   58
  2832     12   37   57   59
  2833     12   37   57   60
  2834     12   37   58   59
  2835     12   37   58   60
  2836     12   37   59   60
  2837      4   49   50   51
  2838     12   49   50   52
  2839     12   49   50   53
  2840     12   49   50   54
  2841     12   49   50   55
  2842     12   49   50   56
  2843     12   49   50   57
  2844     12   49   50   58
  2845     12   49   50   59
  2846     12   49   50   60
  2847     12   49   52   55
  2848     12   49   52   56
  2849     12   49   52   57
  2850     12   49   53   55
  2851     12   49   53   56
  2852     12   49   53   57
  2853     12   49   53   58
  2854     12   49   53   59
  2855     12   49   53   60
