     1     12    1    2	-7733.86766229	3649.858987	11.920397	11.990136	29.426434	90.446764	89.893936	119.791788		0.0987
     2      6    1    4	-7733.89781641	3651.008539	11.915624	12.058940	29.436725	90.001187	89.999731	120.325352		0.1584
     3     12    1    5	-7733.90026227	3651.170538	11.921675	11.992292	29.431750	89.734200	90.785127	119.796239		0.3482
     4      6    1    7	-7733.83140063	3649.198484	11.988276	11.988281	29.420896	89.730449	90.269991	120.339587		0.0121
     5      6    1    8	-7733.90292836	3651.241736	11.914455	11.992105	29.446176	90.472223	89.999641	119.786339		0.1930
     6      6    1    9	-7733.88218157	3648.429888	11.921294	12.058844	29.423190	90.000877	90.796323	120.382537		0.0865
     7      6    1   10	-7733.81135103	3650.808590	11.988940	11.988925	29.431564	90.427860	90.426582	120.333014		0.0056
     8      6    1   11	-7733.77522120	3651.523344	11.918780	11.994298	29.434948	89.657467	90.691045	119.792310		0.0014
     9      6    1   12	-7733.07142216	3650.459201	11.941786	12.012107	29.459131	90.089395	89.643230	120.246110		0.0000
    10     12    1   13	-7733.43118584	3652.029707	11.934889	11.990154	29.441760	89.730677	90.560383	119.904411		0.0000
    11     12    1   14	-7733.70106778	3649.469256	11.974524	12.000658	29.436177	90.210490	90.560404	120.363671		0.0002
    12     12    1   15	-7733.77322231	3651.134113	11.915902	12.042742	29.452378	90.303096	89.985469	120.242802		0.0026
    13     12    1   16	-7733.75051194	3652.052427	11.930005	11.986399	29.456674	90.432470	90.201084	119.880676		0.0011
    14     12    1   17	-7733.77162871	3651.006850	11.975291	12.001629	29.448120	89.943245	90.136862	120.385593		0.0024
    15     12    1   18	-7733.11646190	3648.399629	11.934816	12.009596	29.453390	90.114639	90.267060	120.204226		0.0000
    16     12    1   19	-7733.82425401	3650.959463	11.912880	12.002058	29.452332	89.929554	90.703941	119.879997		0.0184
    17     12    1   20	-7732.98790665	3649.851240	11.941164	12.005800	29.466452	89.950031	90.070045	120.232154		0.0000
    18     12    1   21	-7733.79431101	3651.625491	11.974776	11.986292	29.455626	90.432058	90.140671	120.259405		0.0058
    19     12    1   22	-7733.73763422	3652.297901	11.913748	12.002416	29.455969	90.240850	89.971996	119.874058		0.0006
    20     12    1   23	-7733.83339773	3651.431952	11.929641	12.045671	29.457208	90.313048	90.500905	120.379218		0.0262
    21     12    1   24	-7733.73467937	3652.126041	11.974262	11.988928	29.452336	89.732780	90.545486	120.253268		0.0006
    22     12    1   25	-7733.59314593	3644.485149	11.940044	12.034391	29.377634	90.217185	90.712047	120.290399		0.0000
    23     12    1   26	-7733.55855299	3644.281016	11.927601	12.007239	29.382400	90.405088	89.866792	119.997944		0.0000
    24     12    1   27	-7733.56861971	3645.230074	11.964727	11.999269	29.376209	89.573222	90.487960	120.191283		0.0000
    25     12    1   28	-7733.62397732	3642.706871	11.940259	12.032765	29.364295	89.959663	89.953358	120.296350		0.0000
    26     12    1   29	-7733.59992720	3643.039346	11.928730	12.011575	29.367883	89.706239	90.869284	120.018695		0.0000
    27     12    1   30	-7732.91206413	3643.408192	11.938668	12.008613	29.408631	90.197238	90.330186	120.211025		0.0000
    28     12    1   31	-7733.55663958	3644.676401	11.963519	12.013437	29.370969	89.695782	90.210257	120.297501		0.0000
    29     12    1   32	-7732.92233682	3644.832459	11.956628	11.967374	29.405812	90.515560	89.668956	119.971587		0.0000
    30     12    1   33	-7733.59897173	3643.951215	11.927991	12.034730	29.372585	89.955573	90.893848	120.190426		0.0000
    31     12    1   34	-7733.60500084	3642.177452	11.963107	12.013036	29.359814	90.513387	90.513160	120.306407		0.0000
    32     12    1   35	-7733.56816710	3642.861241	11.941743	11.999706	29.362091	89.561921	90.739877	120.017523		0.0000
    33     12    1   36	-7733.60059282	3642.526557	11.927136	12.034823	29.359444	90.256273	89.783539	120.192703		0.0000
    34     12    1   37	-7733.53054602	3650.033110	11.966440	11.996766	29.488504	89.716812	90.225179	120.432625		0.0000
    35     12    1   38	-7733.49820279	3650.202008	11.895860	12.041094	29.480789	89.998378	90.765562	120.173707		0.0000
    36     12    1   39	-7733.46675954	3650.874352	11.931233	11.970931	29.479229	90.475695	90.050548	119.871909		0.0000
    37     12    1   40	-7733.49955586	3649.374993	11.968621	12.001996	29.477958	90.396911	90.459138	120.465856		0.0000
    38     12    1   41	-7733.51861705	3649.734287	11.896421	12.040271	29.477436	90.217110	89.923852	120.184050		0.0000
    39     12    1   42	-7733.03452824	3648.459936	11.928587	12.010613	29.432772	89.981851	90.384235	120.089857		0.0000
    40     12    1   43	-7733.51556587	3649.939312	11.931600	12.039424	29.478279	90.196045	90.649080	120.452663		0.0000
    41     12    1   44	-7732.92509810	3649.402687	11.955699	12.004271	29.439432	89.885850	90.357535	120.259187		0.0000
    42     12    1   45	-7733.51183600	3650.416782	11.898213	12.002468	29.478223	90.371296	89.943227	119.869688		0.0000
    43     12    1   46	-7733.52719202	3649.994060	11.931178	12.037936	29.480883	89.970451	90.052587	120.456034		0.0000
    44     12    1   47	-7733.48812594	3649.373916	11.969365	11.969770	29.472292	90.479783	90.234404	120.192983		0.0000
    45     12    1   48	-7733.49387510	3648.787584	11.899596	11.996695	29.476833	89.788265	90.713044	119.867400		0.0000
    46     12    1   49	-7732.88501587	3651.832623	11.935729	12.010756	29.444773	90.098961	90.385008	120.098050		0.0000
    47     12    1   50	-7732.98527362	3655.025155	11.952414	12.006492	29.450509	90.050249	90.268283	120.136055		0.0000
    48     12    1   51	-7732.99827498	3654.013440	11.951526	12.026998	29.436932	90.022846	90.447531	120.276071		0.0000
    49     12    1   52	-7732.99627648	3654.370269	11.934516	12.023198	29.440626	89.986123	90.377050	120.108947		0.0000
    50     12    1   53	-7732.97359887	3654.614736	11.954491	12.006477	29.442724	90.123089	90.411803	120.135108		0.0000
    51     12    1   54	-7732.98522812	3654.655106	11.949382	12.024995	29.455029	90.227923	90.261523	120.285822		0.0000
    52     12    1   55	-7732.99781412	3654.023643	11.949011	12.008194	29.441205	90.082419	90.272036	120.117486		0.0000
    53     12    1   56	-7732.93277612	3654.262159	11.935289	12.020048	29.454871	90.179144	90.416915	120.137262		0.0000
    54     12    1   57	-7732.98883105	3653.695726	11.954161	12.022271	29.436743	90.007649	90.429896	120.267491		0.0000
    55     12    1   58	-7732.99702538	3652.952736	11.951162	12.004797	29.435990	90.096256	90.438404	120.115949		0.0000
    56     12    1   59	-7732.98919201	3654.774307	11.935539	12.026710	29.441554	90.025089	90.326918	120.138871		0.0000
    57     12    1   60	-7732.99118724	3654.988397	11.951512	12.022945	29.452941	90.166249	90.267125	120.271409		0.0000
    58     12   13   14	-7733.74732888	3652.178959	11.987652	11.926564	29.472479	89.791415	90.362804	119.916667		0.0009
    59      6   13   16	-7733.79268376	3651.498649	11.941475	11.911796	29.471113	90.000056	90.000638	119.419983		0.0027
    60     12   13   17	-7733.75094899	3652.776414	11.989344	11.926664	29.475477	89.500665	89.957372	119.921907		0.0011
    61      6   13   19	-7733.71495882	3653.238096	11.927811	11.927811	29.486014	89.512657	90.487781	119.438192		0.0001
    62      6   13   20	-7733.85743118	3652.532387	11.941842	11.973201	29.473388	89.457738	90.000398	119.913549		0.0332
    63      6   13   21	-7733.71517683	3652.893260	11.989203	11.912017	29.471681	89.999965	89.899414	119.787333		0.0001
    64      6   13   22	-7733.08922449	3649.023233	11.931752	11.943547	29.476742	90.119894	89.659436	119.692622		0.0000
    65      6   13   23	-7733.64910807	3652.709267	11.943551	11.971803	29.475190	89.850712	90.299435	119.922010		0.0000
    66      6   13   24	-7733.69203162	3652.905895	11.986571	11.912886	29.481195	89.281181	90.357126	119.796946		0.0001
    67     12   13   25	-7732.98640615	3645.994178	11.943009	11.936691	29.432901	89.643171	90.259004	119.663287		0.0000
    68     12   13   26	-7733.53533765	3645.163550	11.941893	11.938386	29.394261	90.013675	89.618502	119.557945		0.0000
    69     12   13   27	-7733.51631673	3644.738531	11.975729	11.925309	29.393122	89.087616	90.290492	119.729857		0.0000
    70     12   13   28	-7733.50385667	3644.373721	11.954403	11.960997	29.387356	89.501057	89.764900	119.845621		0.0000
    71     12   13   29	-7733.52763857	3644.729219	11.942925	11.939936	29.388856	89.241399	90.707877	119.564992		0.0000
    72     12   13   30	-7733.56302144	3642.533707	11.968713	11.928094	29.384652	90.183449	90.035083	119.738691		0.0000
    73     12   13   31	-7733.52999893	3645.489129	11.975879	11.938183	29.398721	89.265409	90.007321	119.839969		0.0000
    74     12   13   32	-7733.53927022	3645.201001	11.952565	11.927259	29.394817	90.161682	89.776242	119.556894		0.0000
    75     12   13   33	-7733.50948167	3645.406633	11.939964	11.961518	29.403375	89.538874	90.622541	119.757394		0.0000
    76     12   13   34	-7732.93956581	3643.652002	11.950781	11.929711	29.422761	89.860070	90.111754	119.701583		0.0000
    77     12   13   35	-7733.52321193	3645.016707	11.954480	11.927103	29.395799	89.128078	90.530332	119.569157		0.0000
    78     12   13   36	-7733.52143343	3645.098445	11.941037	11.960886	29.393788	89.781209	89.640779	119.738115		0.0000
    79     12   13   37	-7732.78209952	3650.120868	11.963462	11.928678	29.459612	89.640520	90.040986	119.744903		0.0000
    80     12   13   38	-7733.44238488	3651.224336	11.910591	11.966495	29.501519	89.540185	90.551911	119.727392		0.0000
    81     12   13   39	-7733.45670308	3651.033844	11.942762	11.895019	29.502883	90.060684	89.833983	119.409698		0.0000
    82     12   13   40	-7733.41987412	3651.504076	11.982209	11.928362	29.498430	89.932577	90.257849	119.993314		0.0000
    83     12   13   41	-7733.44847777	3649.975216	11.909209	11.965470	29.496863	89.785463	89.752394	119.727770		0.0000
    84     12   13   42	-7733.49642406	3651.611642	11.942792	11.895484	29.506651	89.228206	90.436637	119.401963		0.0000
    85     12   13   43	-7733.42325062	3650.998197	11.943268	11.966203	29.497706	89.755527	90.447593	119.993946		0.0000
    86     12   13   44	-7733.45849704	3651.198596	11.985218	11.895417	29.500035	89.174238	90.282039	119.746616		0.0000
    87     12   13   45	-7733.42883229	3650.956089	11.909737	11.928191	29.501714	89.964266	89.725731	119.408105		0.0000
    88     12   13   46	-7732.97343305	3649.654887	11.940989	11.945990	29.452976	89.603215	90.065680	119.691560		0.0000
    89     12   13   47	-7733.43829888	3650.953566	11.981751	11.894142	29.500492	90.053898	90.043222	119.725735		0.0000
    90     12   13   48	-7733.44914490	3650.993657	11.909634	11.928025	29.503410	89.319209	90.566918	119.404086		0.0000
    91     12   13   49	-7732.82339997	3653.973503	11.942393	11.949091	29.473159	89.776381	90.158238	119.681391		0.0000
    92     12   13   50	-7732.92334589	3655.486189	11.967740	11.932728	29.461889	89.628486	90.080192	119.675200		0.0000
    93     12   13   51	-7732.93235844	3654.930691	11.960726	11.949594	29.465146	89.558849	90.225969	119.783789		0.0000
    94     12   13   52	-7732.93466656	3655.432006	11.948181	11.947326	29.465764	89.556797	90.157680	119.647611		0.0000
    95     12   13   53	-7732.98332784	3655.746978	11.965433	11.929460	29.476436	89.603142	90.218269	119.670644		0.0000
    96     12   13   54	-7732.93146312	3653.757364	11.963314	11.949828	29.454375	89.726530	90.085454	119.804703		0.0000
    97     12   13   55	-7732.93974239	3655.066524	11.963936	11.932039	29.460777	89.663215	90.055342	119.645504		0.0000
    98     12   13   56	-7732.89673120	3653.024060	11.945498	11.949508	29.466436	89.752448	90.174465	119.714025		0.0000
    99     12   13   57	-7732.95606523	3655.641115	11.965466	11.945974	29.470681	89.514910	90.190663	119.791793		0.0000
   100     12   13   58	-7732.92111666	3656.177651	11.960652	11.931244	29.477331	89.596134	90.285370	119.636448		0.0000
   101     12   13   59	-7732.94169427	3654.883552	11.946348	11.950354	29.463697	89.559341	90.121886	119.665635		0.0000
   102     12   13   60	-7732.90553515	3655.789036	11.967798	11.947970	29.464625	89.748548	90.085617	119.806035		0.0000
   103     12   25   26	-7733.33777636	3636.893732	11.952990	11.987227	29.305694	90.518428	89.860692	119.983609		0.0000
   104      6   25   28	-7733.32918848	3638.542719	11.966060	12.009979	29.311518	89.999599	90.000105	120.257984		0.0000
   105     12   25   29	-7733.31534537	3637.348448	11.947073	11.987180	29.316433	89.744662	90.913945	119.948898		0.0000
   106      6   25   31	-7733.30750702	3636.409365	11.986342	11.986369	29.301792	89.747496	90.252286	120.254787		0.0000
   107      6   25   32	-7733.28190726	3637.172472	11.965696	11.974524	29.306867	90.664355	90.000540	119.975636		0.0000
   108      6   25   33	-7733.28104011	3634.368615	11.947173	12.003331	29.314699	90.000129	90.897668	120.155523		0.0000
   109      6   25   34	-7732.70616900	3638.400079	11.960722	11.974039	29.348851	90.260851	90.363548	120.041853		0.0000
   110      6   25   35	-7733.24014175	3638.556018	11.966661	11.974733	29.315729	89.618174	90.764167	119.977697		0.0000
   111      6   25   36	-7733.28806406	3638.527334	11.954130	12.009724	29.310547	90.275619	89.861439	120.153737		0.0000
   112     12   25   37	-7732.71520768	3642.562744	11.972500	11.966555	29.381227	89.996540	90.290941	120.077595		0.0000
   113     12   25   38	-7733.22902958	3642.801212	11.921997	12.014375	29.414239	90.026606	90.806416	120.146608		0.0000
   114     12   25   39	-7733.18378106	3643.724027	11.955191	11.946190	29.413917	90.522809	90.089745	119.838395		0.0000
   115     12   25   40	-7733.21570482	3644.102569	11.993399	11.976797	29.421184	90.438553	90.488884	120.413675		0.0000
   116     12   25   41	-7732.99593669	3645.501163	11.928283	12.013729	29.420203	90.209353	90.024527	120.152725		0.0000
   117     12   25   42	-7733.19255398	3643.783247	11.956134	11.944464	29.416798	89.749315	90.666131	119.839759		0.0000
   118     12   25   43	-7733.26110405	3642.627303	11.954216	12.014151	29.415142	90.257328	90.690624	120.416194		0.0000
   119     12   25   44	-7733.25741438	3642.605222	11.992136	11.943115	29.415176	89.715402	90.526049	120.156217		0.0000
   120     12   25   45	-7733.21201460	3643.408634	11.919535	11.974856	29.422331	90.457992	89.938159	119.819537		0.0000
   121     12   25   46	-7732.72774439	3642.872398	11.954565	11.989413	29.371409	90.089757	90.355919	120.074933		0.0000
   122     12   25   47	-7733.23568821	3643.920713	11.993004	11.942844	29.421505	90.548727	90.266311	120.140458		0.0000
   123     12   25   48	-7733.23759595	3643.905097	11.922851	11.977297	29.419384	89.841454	90.788837	119.837251		0.0000
   124     12   25   49	-7732.72211687	3646.746703	11.956905	11.996273	29.383887	90.222380	90.387238	120.085356		0.0000
   125     12   25   50	-7732.71491607	3648.477296	11.979192	11.981979	29.381939	90.116555	90.306933	120.100982		0.0000
   126     12   25   51	-7732.71329285	3648.857231	11.974660	12.000378	29.388009	90.058645	90.474268	120.222783		0.0000
   127     12   25   52	-7732.72699974	3647.754699	11.959418	11.996774	29.379104	90.043600	90.397660	120.069011		0.0000
   128     12   25   53	-7732.64776944	3647.091442	11.975462	11.980088	29.384530	90.184036	90.473110	120.096819		0.0000
   129     12   25   54	-7732.71592291	3648.021024	11.975756	12.001933	29.376047	90.207149	90.290601	120.228393		0.0000
   130     12   25   55	-7732.71644203	3648.418381	11.975300	11.981594	29.382867	90.158911	90.290049	120.070151		0.0000
   131     12   25   56	-7732.68913606	3648.517820	11.957204	11.999869	29.386255	90.192745	90.381938	120.078000		0.0000
   132     12   25   57	-7732.74584802	3647.825114	11.976346	11.995254	29.385619	90.067785	90.452368	120.214769		0.0000
   133     12   25   58	-7732.75373040	3645.544410	11.971516	11.974872	29.390545	90.138977	90.551605	120.082250		0.0000
   134     12   25   59	-7732.72319441	3648.145852	11.959109	12.000517	29.381714	90.066268	90.366017	120.095782		0.0000
   135     12   25   60	-7732.72734134	3647.722527	11.978858	11.997638	29.377811	90.231944	90.313187	120.231876		0.0000
   136     12   37   38	-7733.14862017	3649.507942	11.948978	11.982369	29.523501	89.593780	90.307075	120.301118		0.0000
   137      6   37   40	-7733.18517102	3649.550572	12.020691	11.944213	29.525935	90.000676	89.999900	120.583100		0.0000
   138     12   37   41	-7733.14436673	3649.608784	11.952442	11.982538	29.526206	89.810701	89.496549	120.332117		0.0000
   139      6   37   43	-7733.15212432	3649.314546	11.982128	11.982115	29.524195	89.804790	90.195823	120.578542		0.0000
   140      6   37   44	-7733.12788122	3646.339512	12.016304	11.906869	29.521844	89.289047	89.999822	120.304471		0.0000
   141      6   37   45	-7733.11279314	3650.059434	11.948669	11.945582	29.527662	90.000562	89.480625	119.991507		0.0000
   142      6   37   46	-7732.50565511	3647.915080	11.962646	11.962638	29.442172	89.838976	89.838155	120.023534		0.0000
   143      6   37   47	-7733.15402552	3649.957834	12.021291	11.911692	29.524179	90.112898	89.777389	120.304755		0.0000
   144      6   37   48	-7733.10705632	3650.470027	11.951251	11.945361	29.522730	89.418295	90.290924	119.983686		0.0000
   145     12   37   49	-7732.53016948	3656.088519	11.988313	11.964544	29.497520	89.752068	89.855093	120.214589		0.0000
   146     12   37   50	-7732.65277982	3653.756700	12.005341	11.948096	29.490233	89.666288	89.824484	120.255657		0.0000
   147     12   37   51	-7732.63230987	3653.886639	12.003560	11.967846	29.486512	89.629530	89.998019	120.388326		0.0000
   148     12   37   52	-7732.63648023	3653.770752	11.986388	11.963918	29.490308	89.606720	89.905036	120.230307		0.0000
   149     12   37   53	-7732.69969443	3652.845116	12.005907	11.948726	29.483751	89.720741	89.957050	120.270566		0.0000
   150     12   37   54	-7732.64195925	3654.651665	12.001245	11.966661	29.498572	89.765190	89.785447	120.379024		0.0000
   151     12   37   55	-7732.63538087	3654.025544	12.001973	11.949223	29.489778	89.714078	89.796718	120.228994		0.0000
   152     12   37   56	-7732.61308377	3655.262755	11.985551	11.967284	29.507113	89.743440	89.898702	120.268927		0.0000
   153     12   37   57	-7732.65187970	3653.116738	12.006471	11.964747	29.481320	89.623484	89.971263	120.389786		0.0000
   154     12   37   58	-7732.67135031	3655.038850	11.999399	11.947218	29.501629	89.662446	89.986567	120.204903		0.0000
   155     12   37   59	-7732.62951376	3653.882906	11.987413	11.967294	29.488295	89.622319	89.886012	120.256757		0.0000
   156     12   37   60	-7732.67223977	3653.251170	12.004839	11.962709	29.486315	89.775998	89.800543	120.373187		0.0000
   157     12   49   50	-7732.13682677	3658.326009	11.972118	11.969211	29.449842	90.061740	89.908717	119.900887		0.0000
   158      6   49   52	-7732.13199945	3658.574459	11.953146	11.984954	29.451125	90.000119	90.000000	119.871531		0.0000
   159     12   49   53	-7732.08522059	3658.928751	11.972438	11.967794	29.461218	90.170077	90.029754	119.913251		0.0000
   160      6   49   55	-7732.12876771	3658.590995	11.968687	11.968674	29.453385	90.109847	89.890347	119.872498		0.0000
   161      6   49   56	-7731.92361182	3659.128950	11.956565	11.979855	29.478793	90.171150	90.000076	119.935477		0.0000
   162      6   49   57	-7732.11695336	3658.821833	11.973554	11.985055	29.450144	90.000608	90.041974	120.031915		0.0000
   163      6   49   58	-7732.04279935	3656.376084	11.968253	11.968226	29.449244	90.077595	90.077014	119.911383		0.0000
   164      6   49   59	-7732.13444008	3658.611025	11.953321	11.988914	29.450284	90.027090	89.947537	119.902031		0.0000
   165      6   49   60	-7732.16066261	3657.986206	11.972116	11.987148	29.444888	90.173676	89.913178	120.041842		0.0000
