1
-7733.86766229
-7733.89781641
-7733.90026227
-7733.83140063
-7733.90292836
-7733.88218157
-7733.81135103
-7733.77522120
-7733.07142216
-7733.43118584
-7733.70106778
-7733.77322231
-7733.75051194
-7733.77162871
-7733.11646190
-7733.82425401
-7732.98790665
-7733.79431101
-7733.73763422
-7733.83339773
-7733.73467937
-7733.59314593
-7733.55855299
-7733.56861971
-7733.62397732
-7733.59992720
-7732.91206413
-7733.55663958
-7732.92233682
-7733.59897173
-7733.60500084
-7733.56816710
-7733.60059282
-7733.53054602
-7733.49820279
-7733.46675954
-7733.49955586
-7733.51861705
-7733.03452824
-7733.51556587
-7732.92509810
-7733.51183600
-7733.52719202
-7733.48812594
-7733.49387510
-7732.88501587
-7732.98527362
-7732.99827498
-7732.99627648
-7732.97359887
-7732.98522812
-7732.99781412
-7732.93277612
-7732.98883105
-7732.99702538
-7732.98919201
-7732.99118724
-7733.74732888
-7733.79268376
-7733.75094899
-7733.71495882
-7733.85743118
-7733.71517683
-7733.08922449
-7733.64910807
-7733.69203162
-7732.98640615
-7733.53533765
-7733.51631673
-7733.50385667
-7733.52763857
-7733.56302144
-7733.52999893
-7733.53927022
-7733.50948167
-7732.93956581
-7733.52321193
-7733.52143343
-7732.78209952
-7733.44238488
-7733.45670308
-7733.41987412
-7733.44847777
-7733.49642406
-7733.42325062
-7733.45849704
-7733.42883229
-7732.97343305
-7733.43829888
-7733.44914490
-7732.82339997
-7732.92334589
-7732.93235844
-7732.93466656
-7732.98332784
-7732.93146312
-7732.93974239
-7732.89673120
-7732.95606523
-7732.92111666
-7732.94169427
-7732.90553515
-7733.33777636
-7733.32918848
-7733.31534537
-7733.30750702
-7733.28190726
-7733.28104011
-7732.70616900
-7733.24014175
-7733.28806406
-7732.71520768
-7733.22902958
-7733.18378106
-7733.21570482
-7732.99593669
-7733.19255398
-7733.26110405
-7733.25741438
-7733.21201460
-7732.72774439
-7733.23568821
-7733.23759595
-7732.72211687
-7732.71491607
-7732.71329285
-7732.72699974
-7732.64776944
-7732.71592291
-7732.71644203
-7732.68913606
-7732.74584802
-7732.75373040
-7732.72319441
-7732.72734134
-7733.14862017
-7733.18517102
-7733.14436673
-7733.15212432
-7733.12788122
-7733.11279314
-7732.50565511
-7733.15402552
-7733.10705632
-7732.53016948
-7732.65277982
-7732.63230987
-7732.63648023
-7732.69969443
-7732.64195925
-7732.63538087
-7732.61308377
-7732.65187970
-7732.67135031
-7732.62951376
-7732.67223977
-7732.13682677
-7732.13199945
-7732.08522059
-7732.12876771
-7731.92361182
-7732.11695336
-7732.04279935
-7732.13444008
-7732.16066261
