1 11.929360
1 11.947046
1 11.947048
1 11.962270
1 11.962271
1 11.965546
1 11.965548
1 12.000000
2 11.953354
2 11.953354
2 11.972142
2 11.987198
2 11.988975
2 11.988975
2 11.988975
2 11.988977
3 11.990380
3 11.990380
3 11.990381
3 11.990381
3 11.993587
3 11.993587
3 11.996247
3 11.996247
4 11.929976
4 11.948426
4 11.969039
4 11.981372
4 11.981372
4 11.987814
4 12.021669
4 12.021669
5 11.906437
5 11.906438
5 11.906441
5 11.975296
5 12.051860
5 12.054500
5 12.074828
5 12.074829
6 11.997672
6 11.997672
6 12.000657
6 12.024570
6 12.093339
6 12.093339
6 12.099931
6 12.118299
7 11.934104
7 11.969558
7 11.995299
7 12.029468
7 12.029471
7 12.074713
7 12.116136
7 12.132884
8 11.940073
8 11.990913
8 12.006873
8 12.036214
8 12.085605
8 12.091882
8 12.112159
8 12.115512
9 11.944568
9 12.037167
9 12.062517
9 12.065884
9 12.079307
9 12.089328
9 12.101638
9 12.115501
10 11.999098
10 12.034734
10 12.043471
10 12.069574
10 12.076356
10 12.085955
10 12.113533
10 12.124078
11 12.023182
11 12.076587
11 12.086405
11 12.092363
11 12.103820
11 12.105794
11 12.123408
11 12.134122
12 11.997175
12 12.082989
12 12.084011
12 12.102290
12 12.124697
12 12.134718
12 12.144714
12 12.159064
13 12.104942
13 12.123735
13 12.145910
13 12.147844
13 12.148724
13 12.152995
13 12.155429
13 12.159031
14 12.093409
14 12.094075
14 12.118460
14 12.132440
14 12.136147
14 12.148043
14 12.157767
14 12.166847
15 12.128944
15 12.132769
15 12.134378
15 12.148863
15 12.156784
15 12.159540
15 12.165922
15 12.179561
16 12.128682
16 12.128827
16 12.130590
16 12.133621
16 12.167229
16 12.174706
16 12.174961
16 12.182238
17 12.128505
17 12.139242
17 12.164726
17 12.168643
17 12.172157
17 12.193528
17 12.215981
17 12.224279
18 12.162692
18 12.168872
18 12.171747
18 12.185077
18 12.186839
18 12.188856
18 12.210902
18 12.211174
19 12.181841
19 12.197082
19 12.201341
19 12.204688
19 12.205144
19 12.212856
19 12.216211
19 12.230226
20 12.121708
20 12.191786
20 12.196642
20 12.207991
20 12.222955
20 12.224728
20 12.228637
20 12.249371
21 12.187427
21 12.204555
21 12.219244
21 12.228646
21 12.229986
21 12.230779
21 12.231454
21 12.248562
22 12.052954
22 12.189040
22 12.207612
22 12.224302
22 12.253190
22 12.256645
22 12.270118
22 12.318572
23 12.192097
23 12.194534
23 12.213948
23 12.216561
23 12.234617
23 12.234716
23 12.256147
23 12.282319
24 12.188911
24 12.198639
24 12.201871
24 12.233345
24 12.245435
24 12.256273
24 12.303083
24 12.324617
25 12.167785
25 12.170632
25 12.173886
25 12.194061
25 12.268762
25 12.282339
25 12.311159
25 12.311664
26 12.173272
26 12.202555
26 12.226872
26 12.228662
26 12.267594
26 12.281936
26 12.283953
26 12.311612
27 12.155705
27 12.158194
27 12.191715
27 12.239370
27 12.246644
27 12.276474
27 12.281334
27 12.324915
28 12.210157
28 12.237222
28 12.253173
28 12.274118
28 12.274618
28 12.281750
28 12.294414
28 12.368848
29 12.185380
29 12.213898
29 12.258175
29 12.298640
29 12.303969
29 12.337713
29 12.356274
29 12.363003
30 12.217574
30 12.252303
30 12.254515
30 12.261838
30 12.290881
30 12.292661
30 12.304135
30 12.352781
31 12.165203
31 12.181657
31 12.211405
31 12.378292
31 12.380974
31 12.381119
31 12.383065
31 12.399506
32 12.256986
32 12.262814
32 12.313485
32 12.336710
32 12.358160
32 12.368427
32 12.370624
32 12.394532
33 12.124387
33 12.230177
33 12.250654
33 12.332479
33 12.347034
33 12.382424
33 12.382906
33 12.431900
34 12.258862
34 12.270518
34 12.290828
34 12.336575
34 12.357606
34 12.389596
34 12.407964
34 12.414091
35 12.229410
35 12.248867
35 12.294189
35 12.323968
35 12.350970
35 12.362793
35 12.369173
35 12.383400
36 12.313563
36 12.346908
36 12.351655
36 12.359572
36 12.361213
36 12.370331
36 12.390138
36 12.410072
37 12.230444
37 12.305150
37 12.307534
37 12.364346
37 12.389652
37 12.390121
37 12.400222
37 12.401675
38 12.376108
38 12.386048
38 12.389589
38 12.392823
38 12.395048
38 12.408930
38 12.409354
38 12.433834
39 12.299017
39 12.301277
39 12.319289
39 12.335619
39 12.405090
39 12.407529
39 12.413470
39 12.459991
40 12.372241
40 12.374098
40 12.374698
40 12.379389
40 12.395081
40 12.410961
40 12.419229
40 12.446142
41 12.339738
41 12.352953
41 12.374665
41 12.389224
41 12.413200
41 12.423987
41 12.441523
41 12.443073
42 12.359522
42 12.370499
42 12.377652
42 12.379673
42 12.385435
42 12.399273
42 12.402526
42 12.453997
43 12.343530
43 12.363873
43 12.396145
43 12.416083
43 12.426335
43 12.435526
43 12.441268
43 12.447952
44 12.338049
44 12.363666
44 12.430908
44 12.442119
44 12.443693
44 12.469544
44 12.480929
44 12.482694
45 12.400200
45 12.433601
45 12.438551
45 12.439585
45 12.459933
45 12.479339
45 12.485404
45 12.501893
46 12.396350
46 12.423829
46 12.446809
46 12.455167
46 12.459246
46 12.470897
46 12.471666
46 12.475966
47 12.397965
47 12.423702
47 12.440813
47 12.446849
47 12.458222
47 12.486810
47 12.536251
47 12.615734
48 12.390554
48 12.406248
48 12.459684
48 12.477385
48 12.503207
48 12.520224
48 12.522158
48 12.528038
49 12.449761
49 12.457371
49 12.463714
49 12.467071
49 12.490665
49 12.493438
49 12.500938
49 12.525604
50 12.427092
50 12.436963
50 12.478342
50 12.487215
50 12.510825
50 12.539098
50 12.543225
50 12.575646
51 12.488949
51 12.502297
51 12.534423
51 12.536067
51 12.561518
51 12.572876
51 12.582254
51 12.596429
52 12.455497
52 12.501604
52 12.519247
52 12.535237
52 12.541775
52 12.556005
52 12.559075
52 12.604093
53 12.514585
53 12.519219
53 12.524917
53 12.547316
53 12.547432
53 12.582767
53 12.589329
53 12.624185
54 12.505413
54 12.519600
54 12.540263
54 12.561178
54 12.578694
54 12.597288
54 12.601455
54 12.631004
55 12.510080
55 12.527081
55 12.536363
55 12.572833
55 12.575992
55 12.599560
55 12.611637
55 12.616902
56 12.573088
56 12.589653
56 12.590611
56 12.593942
56 12.595265
56 12.605897
56 12.616940
56 12.632447
57 12.571260
57 12.571260
57 12.608729
57 12.611222
57 12.628180
57 12.628180
57 12.631023
57 12.636543
58 12.596292
58 12.604288
58 12.609249
58 12.617667
58 12.631617
58 12.644679
58 12.651834
58 12.674690
59 12.621600
59 12.622963
59 12.631692
59 12.631692
59 12.632633
59 12.655072
59 12.655072
59 12.670637
