Space group 178
1
  1  0  0   0
  0  1  0   0
  0  0  1   0
2
  0 -1  0   0
  1 -1  0   0
  0  0  1   0.3333333333333333333
3
 -1  1  0   0
 -1  0  0   0
  0  0  1   0.6666666666666666666
4 
  -1  0  0   0
  0 -1  0   0
  0  0  1   0.50000000000000000000
5
  0  1  0   0
 -1  1  0   0
  0  0  1   0.8333333333333333333
6
  1 -1  0   0
  1  0  0   0
  0  0  1   0.16666666666666666666
7
  0  1  0   0
  1  0  0   0
  0  0 -1   0.33333333333333333333
8
  1 -1  0   0
  0 -1  0   0
  0  0 -1   0
9
 -1  0  0   0
 -1  1  0   0
  0  0 -1   0.66666666666666666666
10
  0 -1  0   0
 -1  0  0   0
  0  0 -1   0.8333333333333333333
11
 -1  1  0   0
  0  1  0   0
  0  0 -1   0.5000000000
12
  1  0  0   0
  1 -1  0   0
  0  0 -1   0.166666666666666666666
0
