-7725.75564360
-7725.75853742
-7725.77319762
-7725.81248774
-7725.82410112
-7725.85473791
-7725.86201449
-7725.88668304
-7725.88771376
-7725.89603959
-7725.89892846
-7725.89933131
-7725.90340509
-7725.91418650
-7725.91643623
-7725.91722194
-7725.91980197
-7725.91989839
-7725.92728869
-7725.93075469
-7725.93205824
-7725.93451881
-7725.94647687
-7725.95188644
-7725.95246252
-7725.95412657
-7725.96025500
-7725.97769288
-7725.98072300
-7725.98284952
-7725.98391130
-7725.99182849
-7725.99375309
-7725.99395907
-7725.99424471
-7725.99548154
-7725.99583585
-7725.99825160
-7726.00002268
-7726.00094423
-7726.00229535
-7726.00389182
-7726.00824539
-7726.00830994
-7726.00864910
-7726.01108265
-7726.01324503
-7726.01407981
-7726.01528848
-7726.01556964
-7726.01611510
-7726.01920176
-7726.01986439
-7726.02182667
-7726.02196411
-7726.02394982
-7726.02430119
-7726.02434147
-7726.02688883
-7726.02721645
-7726.02792008
-7726.03154770
-7726.03195136
-7726.03213086
-7726.03222743
-7726.03249791
-7726.03313467
-7726.03509880
-7726.03519614
-7726.03693599
-7726.03898663
-7726.03944957
-7726.04300273
-7726.04379212
-7726.04401728
-7726.04671647
-7726.04674533
-7726.04716361
-7726.04938417
-7726.05306553
-7726.05371114
-7726.05455089
-7726.05497396
-7726.05601830
-7726.05619666
-7726.05670634
-7726.05678636
-7726.05786241
-7726.05805481
-7726.05870596
-7726.06123226
-7726.06155448
-7726.06255574
-7726.06268792
-7726.06289331
-7726.06341661
-7726.06791805
-7726.07293413
-7726.07359625
-7726.08013880
-7726.08292621
-7726.08325025
-7726.08426269
-7726.08490461
-7726.08658108
-7726.08878748
-7726.09132690
-7726.09193692
-7726.09198677
-7726.09257064
-7726.09287144
-7726.09530702
-7726.09538615
-7726.09667842
-7726.09670806
-7726.09749082
-7726.09802598
-7726.10035176
-7726.10044064
-7726.10234172
-7726.10247094
-7726.10283240
-7726.10435632
-7726.10580866
-7726.10600070
-7726.10691013
-7726.10697073
-7726.11081558
-7726.11159162
-7726.11194874
-7726.11268305
-7726.11331660
-7726.11362842
-7726.11371253
-7726.11414687
-7726.11472072
-7726.11584376
-7726.11913002
-7726.12068662
-7726.12469647
-7726.12966955
-7726.13024493
-7726.13211119
-7726.13408884
-7726.13806785
-7726.13839909
-7726.14220575
-7726.14555118
-7726.14974583
-7726.15045610
-7726.15435784
-7726.15438180
-7726.15769963
-7726.16068947
-7726.16604644
-7726.16776292
-7726.16901874
-7726.17205753
-7726.17356470
-7726.17431854
-7726.17637234
-7726.17888539
-7726.18133157
-7726.18135943
-7726.18173271
-7726.18587206
-7726.19058468
-7726.19999179
-7726.20154025
-7726.20361103
-7726.20595988
-7726.20636303
-7726.22140263
-7726.22596363
-7726.22730864
-7726.22773617
-7726.23182155
-7726.23274066
-7726.23542102
-7726.24100300
-7726.24507214
-7726.25259805
-7726.26598879
-7726.27666528
-7726.28772921
-7726.30597547
-7726.31438544
-7726.41346810
-7726.43897429
-7726.44326923
-7726.44716503
-7726.44763082
-7726.45150178
-7726.45433059
-7726.45769858
-7726.46235435
-7726.46988695
-7726.47048066
-7726.47260664
-7726.47565791
-7726.47604228
-7726.47636495
-7726.47777892
-7726.47932159
-7726.48240153
-7726.48255271
-7726.48423102
-7726.48603479
-7726.48647598
-7726.49113363
-7726.49482114
-7726.49538588
-7726.49558139
-7726.49574169
-7726.49587102
-7726.49881832
-7726.49886771
-7726.50438961
-7726.50621019
-7726.50742960
-7726.50819221
-7726.50984052
-7726.51023184
-7726.51154429
-7726.51235135
-7726.51236209
-7726.51251252
-7726.51265580
-7726.51265793
-7726.51381313
-7726.51641910
-7726.51937628
-7726.52031600
-7726.52110224
-7726.52140510
-7726.52181785
-7726.52299864
-7726.52386235
-7726.52447700
-7726.52511887
-7726.52657722
-7726.52660017
-7726.52773846
-7726.52774685
-7726.52789379
-7726.52976849
-7726.53154970
-7726.53313925
-7726.53468942
-7726.53578631
-7726.53611325
-7726.53624135
-7726.53706291
-7726.53752942
-7726.53756242
-7726.53764323
-7726.53822500
-7726.53833924
-7726.53993698
-7726.54182292
-7726.54218852
-7726.54261610
-7726.54276266
-7726.54286811
-7726.54335524
-7726.54357060
-7726.54383906
-7726.54427046
-7726.54551504
-7726.54563081
-7726.54634295
-7726.54709223
-7726.54748252
-7726.54919093
-7726.54950707
-7726.54973248
-7726.55042617
-7726.55060464
-7726.55116091
-7726.55130336
-7726.55173038
-7726.55250317
-7726.55304805
-7726.55351962
-7726.55356253
-7726.55370133
-7726.55372704
-7726.55476927
-7726.55521885
-7726.55545748
-7726.55646541
-7726.55677046
-7726.55698414
-7726.55855315
-7726.55946521
-7726.56078128
-7726.56079432
-7726.56146551
-7726.56188937
-7726.56192852
-7726.56332601
-7726.56376479
-7726.56523377
-7726.56531166
-7726.56570396
-7726.56741105
-7726.56816472
-7726.56929489
-7726.56956855
-7726.56983639
-7726.57244759
-7726.57347100
-7726.57597291
-7726.57652484
-7726.57703754
-7726.57763169
-7726.57775913
-7726.57807519
-7726.57808511
-7726.57822156
-7726.57882292
-7726.57896116
-7726.58086621
-7726.58149661
-7726.58206480
-7726.58238125
-7726.58290756
-7726.58339767
-7726.58485607
-7726.58686503
-7726.58724934
-7726.58737549
-7726.58773622
-7726.58818693
-7726.58839618
-7726.58909623
-7726.58910897
-7726.58919733
-7726.59077659
-7726.59119608
-7726.59144196
-7726.59259337
-7726.59278279
-7726.59290408
-7726.59290968
-7726.59327964
-7726.59361120
-7726.59379925
-7726.59380164
-7726.59453639
-7726.59481811
-7726.59622442
-7726.59635832
-7726.59669525
-7726.59693740
-7726.59723552
-7726.59809564
-7726.59812582
-7726.59812746
-7726.59841780
-7726.59849931
-7726.59857002
-7726.59919917
-7726.59944678
-7726.60000153
-7726.60064882
-7726.60071625
-7726.60109190
-7726.60120617
-7726.60138097
-7726.60161947
-7726.60190281
-7726.60259821
-7726.60285567
-7726.60295684
-7726.60356508
-7726.60385020
-7726.60395973
-7726.60415802
-7726.60427995
-7726.60482983
-7726.60508860
-7726.60513570
-7726.60521004
-7726.60534048
-7726.60571243
-7726.60595156
-7726.60624238
-7726.60640752
-7726.60666386
-7726.60687790
-7726.60720588
-7726.60736082
-7726.60776363
-7726.60788688
-7726.60801493
-7726.60818672
-7726.60860384
-7726.60898788
-7726.60937522
-7726.60968371
-7726.61008074
-7726.61133979
-7726.61207953
-7726.61210391
-7726.61213431
-7726.61413555
-7726.61420353
-7726.61460714
-7726.61482895
-7726.61492981
-7726.61557162
-7726.61582070
-7726.61594872
-7726.61611581
-7726.61623442
-7726.61650087
-7726.61670766
-7726.61691923
-7726.61744058
-7726.61780969
-7726.61899503
-7726.61916631
-7726.61919582
-7726.61926965
-7726.61929423
-7726.61933364
-7726.61973532
-7726.62055473
-7726.62093024
-7726.62097334
-7726.62136941
-7726.62203449
-7726.62240814
-7726.62248025
-7726.62288639
-7726.62349464
-7726.62366800
-7726.62388645
-7726.62420588
-7726.62466740
-7726.62518278
-7726.62524857
-7726.62566730
-7726.62623155
-7726.62628309
-7726.62633465
-7726.62658478
-7726.62685937
-7726.62718930
-7726.62719504
-7726.62735462
-7726.62759036
-7726.62844443
-7726.62864088
-7726.62918473
-7726.63000149
-7726.63012720
-7726.63057685
-7726.63072375
-7726.63074587
-7726.63146666
-7726.63168402
-7726.63174058
-7726.63188495
-7726.63196755
-7726.63250960
-7726.63260565
-7726.63277897
-7726.63290236
-7726.63304245
-7726.63317153
-7726.63323175
-7726.63336648
-7726.63343117
-7726.63356090
-7726.63358560
-7726.63409072
-7726.63409275
-7726.63481001
-7726.63483945
-7726.63488336
-7726.63542765
-7726.63548945
-7726.63550093
-7726.63557017
-7726.63580045
-7726.63626011
-7726.63626180
-7726.63646946
-7726.63650720
-7726.63672160
-7726.63676224
-7726.63676538
-7726.63700818
-7726.63709740
-7726.63714668
-7726.63718299
-7726.63730604
-7726.63735888
-7726.63925235
-7726.64047189
-7726.64049117
-7726.64064823
-7726.64144566
-7726.64153119
-7726.64169214
-7726.64224964
-7726.64243534
-7726.64279757
-7726.64327172
-7726.64330395
-7726.64358513
-7726.64377480
-7726.64439119
-7726.64439804
-7726.64456224
-7726.64457123
-7726.64460690
-7726.64493687
-7726.64516550
-7726.64520794
-7726.64535926
-7726.64547561
-7726.64578990
-7726.64582172
-7726.64590947
-7726.64619314
-7726.64731495
-7726.64734006
-7726.64777577
-7726.64777696
-7726.64890625
-7726.64903812
-7726.65032986
-7726.65035942
-7726.65081531
-7726.65084031
-7726.65094125
-7726.65118572
-7726.65196466
-7726.65291494
-7726.65389946
-7726.65419862
-7726.65429548
-7726.65471040
-7726.65477746
-7726.65503306
-7726.65552331
-7726.65593209
-7726.65613284
-7726.65633073
-7726.65658111
-7726.65697174
-7726.65708188
-7726.65724202
-7726.65735976
-7726.65760613
-7726.65803650
-7726.65835059
-7726.65841282
-7726.65890842
-7726.65949454
-7726.65992970
-7726.66008677
-7726.66016891
-7726.66063679
-7726.66105505
-7726.66108272
-7726.66136908
-7726.66192129
-7726.66202113
-7726.66248896
-7726.66305893
-7726.66313390
-7726.66452686
-7726.66453226
-7726.66504605
-7726.66510586
-7726.66514739
-7726.66519704
-7726.66544186
-7726.66547371
-7726.66581967
-7726.66583060
-7726.66630812
-7726.66663433
-7726.66678067
-7726.66686349
-7726.66707925
-7726.66752654
-7726.66829796
-7726.66871221
-7726.66916024
-7726.66942742
-7726.66945791
-7726.66947365
-7726.66950894
-7726.66960936
-7726.66976523
-7726.67002138
-7726.67022933
-7726.67035103
-7726.67120086
-7726.67125113
-7726.67136029
-7726.67138869
-7726.67149308
-7726.67200362
-7726.67218117
-7726.67288326
-7726.67296285
-7726.67313780
-7726.67429920
-7726.67459299
-7726.67479432
-7726.67482747
-7726.67509289
-7726.67522525
-7726.67574416
-7726.67593703
-7726.67610185
-7726.67624183
-7726.67629034
-7726.67651456
-7726.67663180
-7726.67666052
-7726.67696014
-7726.67701404
-7726.67735345
-7726.67745711
-7726.67815202
-7726.67908636
-7726.67919330
-7726.67920508
-7726.67978599
-7726.67980053
-7726.68125135
-7726.68174006
-7726.68229820
-7726.68274658
-7726.68275636
-7726.68293156
-7726.68396620
-7726.68519968
-7726.68527886
-7726.68554929
-7726.68555573
-7726.68594511
-7726.68613655
-7726.68618319
-7726.68626197
-7726.68666962
-7726.68689818
-7726.68748090
-7726.68836808
-7726.68934616
-7726.68975796
-7726.69020999
-7726.69029072
-7726.69077944
-7726.69085013
-7726.69112024
-7726.69113478
-7726.69190360
-7726.69191846
-7726.69210700
-7726.69222130
-7726.69223130
-7726.69249316
-7726.69263388
-7726.69274727
-7726.69342028
-7726.69372282
-7726.69390233
-7726.69410237
-7726.69419153
-7726.69622390
-7726.69624829
-7726.69641446
-7726.69741837
-7726.69770994
-7726.69822754
-7726.69871156
-7726.69916549
-7726.69998398
-7726.70021114
-7726.70033627
-7726.70083165
-7726.70087974
-7726.70098269
-7726.70118688
-7726.70146470
-7726.70201709
-7726.70277817
-7726.70302788
-7726.70323761
-7726.70366427
-7726.70414442
-7726.70418369
-7726.70433438
-7726.70480260
-7726.70494679
-7726.70538423
-7726.70545314
-7726.70546670
-7726.70548851
-7726.70558790
-7726.70564289
-7726.70579563
-7726.70643114
-7726.70753747
-7726.70767390
-7726.70787248
-7726.70806534
-7726.70822954
-7726.70832086
-7726.70849895
-7726.70951763
-7726.70957815
-7726.70961393
-7726.70970763
-7726.70983223
-7726.70991431
-7726.70996434
-7726.71003330
-7726.71010144
-7726.71011197
-7726.71067650
-7726.71159582
-7726.71165176
-7726.71214705
-7726.71309252
-7726.71331043
-7726.71336271
-7726.71337660
-7726.71404669
-7726.71414156
-7726.71456044
-7726.71482599
-7726.71491033
-7726.71587701
-7726.71588989
-7726.71619303
-7726.71824276
-7726.71892246
-7726.71915177
-7726.71923038
-7726.72025365
-7726.72086192
-7726.72173605
-7726.72186419
-7726.72188820
-7726.72211134
-7726.72254236
-7726.72429286
-7726.72471254
-7726.72508728
-7726.72782243
-7726.72871795
-7726.73026370
-7726.73132118
-7726.73253261
-7726.73254337
-7726.73283674
-7726.73308573
-7726.73337421
-7726.73418659
-7726.73626007
-7726.73697850
-7726.73712710
-7726.73731572
-7726.73792403
-7726.73955522
-7726.74016876
-7726.74062269
-7726.74082822
-7726.74120313
-7726.74208332
-7726.74223453
-7726.74270867
-7726.74299997
-7726.74307582
-7726.74358321
-7726.74364401
-7726.74377620
-7726.74392284
-7726.74464329
-7726.74481963
-7726.74496045
-7726.74557057
-7726.74631935
-7726.74636155
-7726.74902109
-7726.74949178
-7726.75002022
-7726.75157634
-7726.75241000
-7726.75267057
-7726.75404009
-7726.75405964
-7726.75490956
-7726.75515050
-7726.75868361
-7726.76092450
-7726.76171046
-7726.76207797
-7726.76370608
-7726.76370970
-7726.76440616
-7726.76598110
-7726.76635727
-7726.76645556
-7726.76745936
-7726.76877566
-7726.76888809
-7726.76900362
-7726.76915192
-7726.76943119
-7726.77092719
-7726.77101179
-7726.77115649
-7726.77234458
-7726.77317784
-7726.77671224
-7726.78075029
-7726.78095116
-7726.78110674
-7726.78157264
-7726.78237419
-7726.78237495
-7726.78250190
-7726.78259814
-7726.78288481
-7726.78356366
-7726.78365149
-7726.78373225
-7726.78418313
-7726.78493425
-7726.78811637
-7726.78868331
-7726.78906332
-7726.78920990
-7726.78957568
-7726.79123699
-7726.79145037
-7726.79193546
-7726.79247431
-7726.79271071
-7726.79331458
-7726.79390139
-7726.79436700
-7726.79542417
-7726.79663523
-7726.79708016
-7726.79708082
-7726.79756434
-7726.79979649
-7726.80014085
-7726.80069189
-7726.80130973
-7726.80310043
-7726.80318672
-7726.80467213
-7726.80684227
-7726.80752900
-7726.80911730
-7726.80974299
-7726.80977452
-7726.81021520
-7726.81024358
-7726.81146530
-7726.81242093
-7726.81352797
-7726.81356845
-7726.81400111
-7726.81467554
-7726.81508743
-7726.81523613
-7726.81672640
-7726.81705336
-7726.81814148
-7726.81828805
-7726.81851818
-7726.81857808
-7726.82291867
-7726.82308915
-7726.82334878
-7726.82467993
-7726.82528413
-7726.82550451
-7726.82558371
-7726.82583382
-7726.82616332
-7726.82621105
-7726.82652754
-7726.82658127
-7726.82723239
-7726.82734680
-7726.82939640
-7726.82953013
-7726.82955732
-7726.82975936
-7726.82990874
-7726.83006512
-7726.83028584
-7726.83082375
-7726.83132278
-7726.83134887
-7726.83150087
-7726.83392580
-7726.83406268
-7726.83448561
-7726.83595605
-7726.83595644
-7726.83629060
-7726.83677842
-7726.83700729
-7726.83828673
-7726.83926364
-7726.83956988
-7726.84063819
-7726.84089319
-7726.84097844
-7726.84233154
-7726.84336082
-7726.84381982
-7726.84385290
-7726.84398494
-7726.84496387
-7726.84536002
-7726.84556696
-7726.84578057
-7726.84644029
-7726.84697685
-7726.84724960
-7726.84813602
-7726.84878554
-7726.84899100
-7726.84904300
-7726.84976402
-7726.85028187
-7726.85160397
-7726.85175129
-7726.85303822
-7726.85349661
-7726.85435084
-7726.85460117
-7726.85520225
-7726.85536202
-7726.85536682
-7726.85598709
-7726.85630647
-7726.85643756
-7726.85784085
-7726.85836050
-7726.85878819
-7726.85925562
-7726.86000791
-7726.86024607
-7726.86029618
-7726.86078678
-7726.86087912
-7726.86276564
-7726.86435621
-7726.86456936
-7726.86466324
-7726.86498427
-7726.86568194
-7726.86573046
-7726.86618070
-7726.86623599
-7726.86624609
-7726.86626649
-7726.86648526
-7726.86657314
-7726.86668675
-7726.86677332
-7726.86686503
-7726.86700363
-7726.87048892
-7726.87166287
-7726.87371625
-7726.87524985
-7726.87641073
-7726.87653199
-7726.87658154
-7726.87664034
-7726.87683602
-7726.87719277
-7726.87726926
-7726.87821120
-7726.87872345
-7726.87884991
-7726.87898896
-7726.87943669
-7726.88137612
-7726.88148052
-7726.88149373
-7726.88163449
-7726.88178872
-7726.88207909
-7726.88274272
-7726.88327748
-7726.88373101
-7726.88451199
-7726.88460495
-7726.88461678
-7726.88525716
-7726.88587888
-7726.88643895
-7726.88667914
-7726.88682347
-7726.88704646
-7726.88810621
-7726.88852920
-7726.88878883
-7726.88929452
-7726.89071929
-7726.89100772
-7726.89451080
-7726.89526514
-7726.89616620
-7726.89671083
-7726.89683508
-7726.89708429
-7726.89766227
-7726.89787693
-7726.89817038
-7726.89961562
-7726.89970189
-7726.89987388
-7726.90000170
-7726.90092587
-7726.90225755
-7726.90245183
-7726.90251205
-7726.90279851
-7726.90285932
-7726.90294953
-7726.90309947
-7726.90395090
-7726.90399127
-7726.90458047
-7726.90507232
-7726.90518632
-7726.90529764
-7726.90607039
-7726.90634174
-7726.90727198
-7726.90817673
-7726.90820878
-7726.90844195
-7726.90882089
-7726.90897625
-7726.90916647
-7726.90979626
-7726.91061907
-7726.91156978
-7726.91191840
-7726.91221871
-7726.91310399
-7726.91328169
-7726.91335740
-7726.91425363
-7726.91462633
-7726.91517185
-7726.91623913
-7726.91651626
-7726.91713751
-7726.91741260
-7726.91748076
-7726.91810220
-7726.91838627
-7726.91889761
-7726.91899631
-7726.92203611
-7726.92209332
-7726.92451266
-7726.92553860
-7726.92787388
-7726.92813278
-7726.92904476
-7726.92941181
-7726.93092932
-7726.93105144
-7726.93253291
-7726.93337620
-7726.93366155
-7726.93382572
-7726.93424311
-7726.93446702
-7726.93581179
-7726.93717884
-7726.93744680
-7726.93763511
-7726.93782713
-7726.93804627
-7726.93915019
-7726.93949193
-7726.94020777
-7726.94225044
-7726.94242602
-7726.94373223
-7726.94519482
-7726.94656357
-7726.94694594
-7726.94700240
-7726.94797304
-7726.94847835
-7726.94897754
-7726.94906175
-7726.94911850
-7726.94950110
-7726.94953990
-7726.94985099
-7726.95105841
-7726.95111623
-7726.95241361
-7726.95430307
-7726.95432850
-7726.95567818
-7726.95616183
-7726.95677365
-7726.95757817
-7726.95797233
-7726.96023873
-7726.96053253
-7726.96163840
-7726.96191576
-7726.96305637
-7726.96520554
-7726.96526334
-7726.96697421
-7726.96746889
-7726.96784401
-7726.96822405
-7726.96887109
-7726.96952994
-7726.97137192
-7726.97355496
-7726.97393125
-7726.97624190
-7726.97787577
-7726.97842899
-7726.97908088
-7726.97929216
-7726.97946005
-7726.97970066
-7726.98019502
-7726.98067132
-7726.98086602
-7726.98167017
-7726.98207464
-7726.98262167
-7726.98409787
-7726.98578191
-7726.98609682
-7726.98634216
-7726.98733978
-7726.98771817
-7726.98913161
-7726.99513393
-7726.99588151
-7726.99594395
-7726.99709970
-7726.99935766
-7726.99970479
-7727.00022203
-7727.00037746
-7727.00048872
-7727.00054316
-7727.00077306
-7727.00282716
-7727.00282949
-7727.00339000
-7727.00372190
-7727.00378371
-7727.00439164
-7727.00487693
-7727.00759643
-7727.00783680
-7727.00810581
-7727.00821782
-7727.00899979
-7727.00959482
-7727.00964450
-7727.00980932
-7727.01091032
-7727.01180277
-7727.01258547
-7727.01364502
-7727.01549975
-7727.01571375
-7727.01591386
-7727.01686557
-7727.01736421
-7727.01783794
-7727.01813086
-7727.01891904
-7727.01898226
-7727.02120710
-7727.02427824
-7727.02455443
-7727.02468985
-7727.02505202
-7727.02554626
-7727.02565744
-7727.02925801
-7727.02939235
-7727.03036302
-7727.03314097
-7727.03391635
-7727.03544631
-7727.03573095
-7727.04271851
-7727.04352722
-7727.04490820
-7727.04782584
-7727.04860686
-7727.04875873
-7727.04920705
-7727.05215901
-7727.05388876
-7727.05552348
-7727.05555174
-7727.05588949
-7727.05670041
-7727.05745920
-7727.06200347
-7727.06288091
-7727.06643251
-7727.06705646
-7727.06922008
-7727.07189282
-7727.07414982
-7727.07598120
-7727.07646821
-7727.07709510
-7727.07799198
-7727.07864745
-7727.07932107
-7727.07932573
-7727.08296991
-7727.08544952
-7727.08570930
-7727.08572298
-7727.08819671
-7727.08916870
-7727.08932770
-7727.09043629
-7727.09113522
-7727.09280210
-7727.09325711
-7727.09381597
-7727.09393205
-7727.09669874
-7727.09737300
-7727.09886922
-7727.09895755
-7727.10019165
-7727.10065109
-7727.10403775
-7727.10409034
-7727.10508485
-7727.10654323
-7727.10835012
-7727.10863743
-7727.10935955
-7727.11035637
-7727.11064202
-7727.11084796
-7727.11216949
-7727.11279780
-7727.11318140
-7727.11321572
-7727.11436746
-7727.11617123
-7727.11659940
-7727.11695349
-7727.11808975
-7727.11817270
-7727.11884710
-7727.12196775
-7727.12280335
-7727.12368317
-7727.12427102
-7727.12447982
-7727.12454286
-7727.12525169
-7727.12683265
-7727.12727613
-7727.12760297
-7727.12833823
-7727.12879908
-7727.12923027
-7727.13063927
-7727.13160086
-7727.13250772
-7727.13267135
-7727.13270066
-7727.13282684
-7727.13354083
-7727.13403721
-7727.13483798
-7727.13498705
-7727.13509514
-7727.13597788
-7727.13856995
-7727.13862510
-7727.13983169
-7727.13998903
-7727.14018248
-7727.14044519
-7727.14055879
-7727.14130610
-7727.14180856
-7727.14187030
-7727.14254859
-7727.14337047
-7727.14359954
-7727.14560226
-7727.14566039
-7727.14847131
-7727.14851280
-7727.14949999
-7727.15028863
-7727.15257821
-7727.15323954
-7727.15330657
-7727.15355943
-7727.15377206
-7727.15379017
-7727.15456248
-7727.15646266
-7727.15726018
-7727.15963402
-7727.15966150
-7727.15990193
-7727.16056523
-7727.16195653
-7727.16214211
-7727.16319616
-7727.16338810
-7727.16343030
-7727.16359698
-7727.16448582
-7727.16450955
-7727.16504146
-7727.16569627
-7727.16571883
-7727.16586818
-7727.16627802
-7727.16656482
-7727.16663567
-7727.16763323
-7727.16769476
-7727.16769965
-7727.16868412
-7727.16949947
-7727.16974803
-7727.17080161
-7727.17162894
-7727.17217290
-7727.17290886
-7727.17432385
-7727.17506765
-7727.17509336
-7727.17555148
-7727.17788652
-7727.17890933
-7727.17990154
-7727.18002966
-7727.18021685
-7727.18160949
-7727.18266114
-7727.18332929
-7727.18381147
-7727.18546009
-7727.18848036
-7727.18849686
-7727.18862553
-7727.18967554
-7727.19221581
-7727.19293126
-7727.19293611
-7727.19359045
-7727.19359641
-7727.19432177
-7727.19451765
-7727.19473611
-7727.19627030
-7727.19708433
-7727.19745463
-7727.19842187
-7727.20067820
-7727.20216100
-7727.20230950
-7727.20301577
-7727.20380277
-7727.20533439
-7727.20560582
-7727.20591337
-7727.20631443
-7727.20691564
-7727.20696569
-7727.20756018
-7727.20805554
-7727.20835460
-7727.20865344
-7727.20903437
-7727.20917276
-7727.20923509
-7727.21073142
-7727.21208634
-7727.21219482
-7727.21227095
-7727.21325262
-7727.21329660
-7727.21342071
-7727.21385843
-7727.21482029
-7727.21486512
-7727.21695418
-7727.21812812
-7727.21862432
-7727.21999432
-7727.22064132
-7727.22120806
-7727.22135615
-7727.22137011
-7727.22196948
-7727.22535879
-7727.22537794
-7727.22556027
-7727.22605429
-7727.22751767
-7727.22841746
-7727.23028130
-7727.23085617
-7727.23217631
-7727.23399160
-7727.23448023
-7727.23464935
-7727.23621130
-7727.23990230
-7727.24061325
-7727.24083799
-7727.24226438
-7727.24307872
-7727.24441706
-7727.24711325
-7727.24971207
-7727.25042397
-7727.25045318
-7727.25161280
-7727.25322311
-7727.25409564
-7727.25506659
-7727.25545263
-7727.25554343
-7727.25621299
-7727.25623879
-7727.25628480
-7727.25758079
-7727.25782562
-7727.26057148
-7727.26213946
-7727.26593363
-7727.26674159
-7727.26717029
-7727.26746990
-7727.26766897
-7727.26851122
-7727.26851122
-7727.26905491
-7727.27009772
-7727.27057591
-7727.27286457
-7727.27309771
-7727.27397834
-7727.27581103
-7727.27777033
-7727.28071879
-7727.28474151
-7727.28611991
-7727.28770036
-7727.28819143
-7727.29133434
-7727.29172381
-7727.29232682
-7727.29268341
-7727.29342347
-7727.29594146
-7727.29669695
-7727.29717423
-7727.29719850
-7727.29933666
-7727.30133831
-7727.30219121
-7727.30307499
-7727.31102329
-7727.31115487
-7727.31230814
-7727.31276221
-7727.31331532
-7727.31415805
-7727.31416947
-7727.31500721
-7727.31511307
-7727.31571648
-7727.31781827
-7727.31810636
-7727.31990542
-7727.32005155
-7727.32588376
-7727.32729252
-7727.32800286
-7727.32998942
-7727.33337798
-7727.33365956
-7727.33373721
-7727.33419278
-7727.33506875
-7727.33911472
-7727.33922961
-7727.34093450
-7727.34132426
-7727.34208509
-7727.34298185
-7727.34387285
-7727.34401419
-7727.34415754
-7727.34573885
-7727.34602873
-7727.34675806
-7727.34705786
-7727.34906532
-7727.35019379
-7727.35029788
-7727.35081443
-7727.35255483
-7727.35334348
-7727.35349903
-7727.35363402
-7727.35373999
-7727.35627543
-7727.35629161
-7727.35987022
-7727.36095122
-7727.36119177
-7727.36122209
-7727.36126206
-7727.36275299
-7727.36319752
-7727.36334760
-7727.36346934
-7727.36368776
-7727.36451587
-7727.36458871
-7727.36543119
-7727.36734543
-7727.36775798
-7727.36892738
-7727.36950947
-7727.37011235
-7727.37062805
-7727.37067848
-7727.37126723
-7727.37617181
-7727.37655908
-7727.37677255
-7727.37680775
-7727.37795845
-7727.37809459
-7727.38111226
-7727.38511405
-7727.38541586
-7727.38600861
-7727.38637220
-7727.38691610
-7727.38705114
-7727.38716281
-7727.38769744
-7727.38891886
-7727.38951577
-7727.38960974
-7727.38999840
-7727.39182234
-7727.39219370
-7727.39316257
-7727.39379262
-7727.39470470
-7727.39491404
-7727.39518149
-7727.39521085
-7727.39637702
-7727.39648779
-7727.39796799
-7727.40038540
-7727.40049992
-7727.40101472
-7727.40187957
-7727.40233705
-7727.40281694
-7727.40408708
-7727.40416748
-7727.40423661
-7727.40627498
-7727.40704195
-7727.41100241
-7727.41184071
-7727.41382890
-7727.41547723
-7727.41623700
-7727.41707415
-7727.41790188
-7727.41796493
-7727.41904362
-7727.41914070
-7727.41918177
-7727.42091313
-7727.42100662
-7727.42120359
-7727.42138389
-7727.42226952
-7727.42232736
-7727.42245894
-7727.42344943
-7727.42495220
-7727.42572948
-7727.42598211
-7727.42610580
-7727.42704725
-7727.42717008
-7727.42776407
-7727.43281739
-7727.43284268
-7727.43297735
-7727.43384177
-7727.43393836
-7727.43579996
-7727.43630471
-7727.43700055
-7727.43865943
-7727.43877427
-7727.43973189
-7727.44008736
-7727.44018193
-7727.44021159
-7727.44046403
-7727.44124076
-7727.44162144
-7727.44259596
-7727.44448885
-7727.44491380
-7727.44578537
-7727.44611800
-7727.44623525
-7727.44627783
-7727.44780343
-7727.44813896
-7727.44830026
-7727.44982084
-7727.45048941
-7727.45123407
-7727.45131490
-7727.45199783
-7727.45249910
-7727.45340340
-7727.45436421
-7727.45532182
-7727.45540991
-7727.45550559
-7727.45562515
-7727.45596000
-7727.45617807
-7727.45691414
-7727.45712904
-7727.45765255
-7727.46005648
-7727.46069441
-7727.46106430
-7727.46252941
-7727.46317430
-7727.46422484
-7727.46451560
-7727.46467190
-7727.46545470
-7727.46682431
-7727.46823547
-7727.46879295
-7727.46907386
-7727.46953043
-7727.46992450
-7727.47040100
-7727.47104328
-7727.47134938
-7727.47346125
-7727.47421416
-7727.47463054
-7727.47473763
-7727.47645426
-7727.47728813
-7727.47774765
-7727.47789918
-7727.47865131
-7727.47951529
-7727.47955689
-7727.48125733
-7727.48196860
-7727.48200815
-7727.48251381
-7727.48305879
-7727.48543903
-7727.48700778
-7727.48741855
-7727.48775161
-7727.48908719
-7727.48914900
-7727.48924598
-7727.48932345
-7727.48952455
-7727.49007718
-7727.49343848
-7727.49421942
-7727.49515049
-7727.49621143
-7727.49836210
-7727.49837934
-7727.49842722
-7727.49877811
-7727.49894071
-7727.49913105
-7727.50214337
-7727.50282885
-7727.50362089
-7727.50363399
-7727.50375526
-7727.50437892
-7727.50709169
-7727.50764854
-7727.50897871
-7727.50989685
-7727.51049267
-7727.51092061
-7727.51104879
-7727.51156251
-7727.51350254
-7727.51407145
-7727.51503804
-7727.51635504
-7727.51635537
-7727.51659800
-7727.51831219
-7727.51875791
-7727.51911946
-7727.52037516
-7727.52038865
-7727.52184572
-7727.52218296
-7727.52465922
-7727.52564308
-7727.52721283
-7727.52832294
-7727.52955886
-7727.53082919
-7727.53133987
-7727.53143767
-7727.53249935
-7727.53363360
-7727.53392164
-7727.53422269
-7727.53537937
-7727.53681598
-7727.53683398
-7727.53758044
-7727.53805951
-7727.53807358
-7727.53888673
-7727.53954939
-7727.54117957
-7727.54120618
-7727.54208984
-7727.54233567
-7727.54288900
-7727.54376788
-7727.54494410
-7727.54745166
-7727.55040131
-7727.55202549
-7727.55504079
-7727.55521122
-7727.55608775
-7727.55652448
-7727.55774171
-7727.55863559
-7727.56107178
-7727.56109588
-7727.56196092
-7727.56290967
-7727.56316738
-7727.56557124
-7727.56746165
-7727.56769440
-7727.57540988
-7727.58166635
-7727.58199460
-7727.58814877
-7727.58913486
-7727.58985869
-7727.59063471
-7727.59174295
-7727.59232959
-7727.59372215
-7727.59533984
-7727.59725837
-7727.59735709
-7727.60050444
-7727.60375936
-7727.60394737
-7727.60585873
-7727.60664474
-7727.60680195
-7727.60946003
-7727.61299202
-7727.61457496
-7727.61473905
-7727.61531749
-7727.61601917
-7727.62469708
-7727.62478539
-7727.62619453
-7727.62646854
-7727.62677582
-7727.62858566
-7727.63024049
-7727.63349750
-7727.63618255
-7727.63880434
-7727.64363186
-7727.64594152
-7727.64709773
-7727.64810719
-7727.64826077
-7727.65060016
-7727.65174529
-7727.65711866
-7727.66419703
-7727.66991640
-7727.67092922
-7727.67350882
-7727.67389608
-7727.67534321
-7727.68036916
-7727.68367574
-7727.68565690
-7727.69337207
-7727.69760407
-7727.69881102
-7727.69897762
-7727.70406755
-7727.70489528
-7727.70744028
-7727.70791832
-7727.70793165
-7727.71504041
-7727.71684226
-7727.72003238
-7727.72410987
-7727.72683281
-7727.73129636
-7727.73388924
-7727.73523296
-7727.73636685
-7727.73660936
-7727.73957411
-7727.74523923
-7727.74567866
-7727.74916726
-7727.75438950
-7727.75512607
-7727.75863073
-7727.76172724
-7727.76315208
-7727.76355973
-7727.76520453
-7727.76688923
-7727.76755416
-7727.77113663
-7727.77435452
-7727.77736605
-7727.77754475
-7727.78439237
-7727.78525550
-7727.79531013
-7727.80865320
-7727.80883073
-7727.81498769
-7727.81501099
-7727.82654151
-7727.82863742
-7727.82937138
-7727.84891180
-7727.85248353
-7727.85339113
-7727.86385153
-7727.86615004
-7727.86808964
-7727.87242271
-7727.88408423
-7727.91842009
-7727.92809914
-7727.92959707
-7727.93602243
